0 0.7562500000000001 0.400390625 0.025 0.046875
0 0.6984375 0.4013671875 0.028125 0.044921875
0 0.7046875 0.44921875 0.021875000000000002 0.04296875
0 0.6882812500000001 0.4443359375 0.0203125 0.041015625
0 0.42421875000000003 0.798828125 0.0203125 0.0390625
0 0.46875 0.8173828125 0.025 0.041015625
0 0.503125 0.83203125 0.021875000000000002 0.0390625
0 0.53671875 0.8486328125 0.029687500000000002 0.033203125
0 0.54140625 0.873046875 0.0234375 0.046875
0 0.4390625 0.8525390625 0.018750000000000003 0.037109375
0 0.4 0.822265625 0.021875000000000002 0.04296875
0 0.39921875 0.890625 0.0234375 0.04296875
