0 0.6703125000000001 0.251953125 0.03125 0.04296875
0 0.61328125 0.166015625 0.029687500000000002 0.0390625
0 0.61328125 0.21484375 0.0234375 0.03125
0 0.5750000000000001 0.1962890625 0.034375 0.041015625
0 0.5109375 0.7890625 0.018750000000000003 0.03125
0 0.45234375000000004 0.685546875 0.0234375 0.0234375
0 0.359375 0.6552734375 0.015625 0.033203125
0 0.328125 0.642578125 0.03125 0.046875
0 0.41718750000000004 0.7958984375 0.034375 0.044921875
0 0.35703125 0.8017578125 0.0234375 0.025390625
0 0.3296875 0.767578125 0.025 0.0234375
