0 0.37734375000000003 0.3388671875 0.0203125 0.041015625
0 0.37343750000000003 0.3076171875 0.018750000000000003 0.033203125
0 0.45390625 0.3642578125 0.0234375 0.033203125
0 0.39921875 0.28125 0.026562500000000003 0.0390625
0 0.40859375000000003 0.2626953125 0.0171875 0.037109375
0 0.45078125 0.322265625 0.010937500000000001 0.03515625
0 0.4609375 0.2900390625 0.03125 0.044921875
0 0.59140625 0.0869140625 0.0140625 0.037109375
0 0.63671875 0.0751953125 0.0171875 0.029296875
0 0.634375 0.0478515625 0.018750000000000003 0.029296875
0 0.7171875000000001 0.0771484375 0.025 0.044921875
