0 0.8515625 0.27734375 0.028125 0.0390625
0 0.7640625000000001 0.2451171875 0.025 0.048828125
0 0.7117187500000001 0.27734375 0.0203125 0.046875
0 0.73046875 0.34765625 0.0203125 0.04296875
0 0.5546875 0.7158203125 0.021875000000000002 0.029296875
0 0.53046875 0.642578125 0.0171875 0.02734375
0 0.49062500000000003 0.7080078125 0.021875000000000002 0.041015625
0 0.49921875000000004 0.65234375 0.0140625 0.0390625
0 0.4625 0.609375 0.021875000000000002 0.0390625
0 0.44609375 0.6142578125 0.026562500000000003 0.044921875
0 0.46640625 0.66015625 0.026562500000000003 0.046875
0 0.44765625000000003 0.662109375 0.0171875 0.0390625
