0 0.69921875 0.123046875 0.0171875 0.03515625
0 0.703125 0.0205078125 0.028125 0.037109375
0 0.6359375 0.1455078125 0.03125 0.048828125
0 0.56875 0.0341796875 0.018750000000000003 0.033203125
0 0.53046875 0.650390625 0.0234375 0.0390625
0 0.48281250000000003 0.583984375 0.0125 0.0390625
0 0.41250000000000003 0.53125 0.037500000000000006 0.0546875
0 0.3828125 0.5595703125 0.03125 0.041015625
0 0.39921875 0.6298828125 0.0234375 0.025390625
0 0.38515625000000003 0.70703125 0.026562500000000003 0.0390625
0 0.3296875 0.6611328125 0.018750000000000003 0.029296875
