0 0.5046875000000001 0.28515625 0.021875000000000002 0.04296875
0 0.49609375 0.3115234375 0.0234375 0.044921875
0 0.94453125 0.03125 0.010937500000000001 0.02734375
0 0.9343750000000001 0.0166015625 0.0125 0.025390625
0 0.38203125000000004 0.3857421875 0.0140625 0.029296875
0 0.39687500000000003 0.3056640625 0.015625 0.021484375
0 0.37031250000000004 0.41015625 0.015625 0.02734375
0 0.34296875000000004 0.365234375 0.0203125 0.04296875
0 0.3046875 0.3779296875 0.015625 0.033203125
0 0.284375 0.404296875 0.015625 0.02734375
