0 0.54296875 0.193359375 0.0171875 0.02734375
0 0.5640625 0.5869140625 0.015625 0.037109375
0 0.5476562500000001 0.591796875 0.010937500000000001 0.0390625
0 0.5359375000000001 0.59765625 0.015625 0.03515625
0 0.52890625 0.5751953125 0.0140625 0.029296875
0 0.33984375 0.7783203125 0.0171875 0.033203125
0 0.32578125 0.767578125 0.0140625 0.04296875
0 0.30312500000000003 0.791015625 0.018750000000000003 0.03515625
0 0.32578125 0.81640625 0.026562500000000003 0.046875
0 0.35000000000000003 0.8310546875 0.0125 0.037109375
0 0.340625 0.859375 0.015625 0.04296875
0 0.26171875 0.8076171875 0.0171875 0.037109375
0 0.24375000000000002 0.8193359375 0.018750000000000003 0.033203125
