0 0.5828125000000001 0.08203125 0.028125 0.0390625
0 0.6429687500000001 0.1611328125 0.0234375 0.025390625
0 0.5578125 0.18359375 0.015625 0.02734375
0 0.57734375 0.2265625 0.0171875 0.0234375
0 0.565625 0.4755859375 0.021875000000000002 0.021484375
0 0.5203125000000001 0.5283203125 0.021875000000000002 0.021484375
0 0.63828125 0.64453125 0.0203125 0.03515625
0 0.5234375 0.6396484375 0.021875000000000002 0.025390625
0 0.5515625000000001 0.7236328125 0.028125 0.037109375
0 0.50390625 0.7197265625 0.029687500000000002 0.033203125
0 0.6023437500000001 0.767578125 0.0328125 0.04296875
0 0.4890625 0.8095703125 0.034375 0.044921875
