0 0.6843750000000001 0.32421875 0.025 0.0390625
0 0.671875 0.203125 0.018750000000000003 0.0390625
0 0.6218750000000001 0.22265625 0.018750000000000003 0.03515625
0 0.584375 0.251953125 0.015625 0.03515625
0 0.42031250000000003 0.5810546875 0.015625 0.037109375
0 0.46328125000000003 0.5517578125 0.0140625 0.033203125
0 0.44843750000000004 0.5224609375 0.015625 0.037109375
0 0.42500000000000004 0.5263671875 0.025 0.044921875
0 0.40937500000000004 0.5322265625 0.015625 0.033203125
0 0.41171875 0.498046875 0.0171875 0.03125
0 0.41171875 0.4599609375 0.0171875 0.037109375
0 0.38984375000000004 0.4921875 0.0203125 0.03515625
