0 0.7679687500000001 0.18359375 0.029687500000000002 0.03515625
0 0.6859375000000001 0.1689453125 0.03125 0.048828125
0 0.7046875 0.283203125 0.028125 0.04296875
0 0.64453125 0.2294921875 0.0203125 0.033203125
0 0.5140625 0.7587890625 0.025 0.041015625
0 0.496875 0.6591796875 0.018750000000000003 0.033203125
0 0.43593750000000003 0.703125 0.018750000000000003 0.02734375
0 0.45078125 0.685546875 0.0234375 0.0234375
0 0.42890625000000004 0.7607421875 0.029687500000000002 0.029296875
0 0.39687500000000003 0.6943359375 0.025 0.037109375
0 0.38515625000000003 0.8291015625 0.0234375 0.025390625
0 0.27109375 0.73046875 0.0328125 0.03125
