0 0.33125000000000004 0.37109375 0.025 0.046875
0 0.35000000000000003 0.3798828125 0.021875000000000002 0.037109375
0 0.390625 0.3427734375 0.015625 0.037109375
0 0.4546875 0.287109375 0.015625 0.03125
0 0.45078125 0.33203125 0.0171875 0.0390625
0 0.4296875 0.3525390625 0.018750000000000003 0.044921875
0 0.4296875 0.416015625 0.0125 0.03515625
0 0.40703125 0.4326171875 0.0171875 0.041015625
0 0.5234375 0.0390625 0.018750000000000003 0.03125
0 0.5703125 0.0615234375 0.0125 0.033203125
0 0.5984375000000001 0.0439453125 0.028125 0.044921875
0 0.6585937500000001 0.111328125 0.0234375 0.04296875
