0 0.3640625 0.8125 0.018750000000000003 0.03515625
0 0.46406250000000004 0.8173828125 0.0125 0.041015625
0 0.44609375 0.8935546875 0.0203125 0.044921875
0 0.43203125000000003 0.6875 0.0234375 0.04296875
0 0.40468750000000003 0.7138671875 0.018750000000000003 0.033203125
0 0.4265625 0.7392578125 0.015625 0.033203125
0 0.4390625 0.7646484375 0.03125 0.044921875
0 0.67734375 0.4326171875 0.0171875 0.041015625
0 0.6664062500000001 0.373046875 0.0203125 0.0390625
0 0.64609375 0.4111328125 0.029687500000000002 0.048828125
