0 0.6234375000000001 0.0966796875 0.021875000000000002 0.029296875
0 0.5796875 0.0654296875 0.021875000000000002 0.037109375
0 0.5140625 0.0908203125 0.037500000000000006 0.033203125
0 0.56171875 0.5615234375 0.0203125 0.029296875
0 0.5109375 0.58203125 0.018750000000000003 0.0234375
0 0.5554687500000001 0.6533203125 0.0234375 0.025390625
0 0.6156250000000001 0.6767578125 0.025 0.025390625
0 0.51328125 0.677734375 0.0390625 0.0390625
0 0.48125 0.6416015625 0.021875000000000002 0.025390625
0 0.47187500000000004 0.6923828125 0.025 0.033203125
0 0.43984375000000003 0.6748046875 0.0328125 0.041015625
