0 0.7015625000000001 0.208984375 0.018750000000000003 0.0390625
0 0.7195312500000001 0.1357421875 0.0140625 0.029296875
0 0.7453125 0.111328125 0.018750000000000003 0.03125
0 0.7562500000000001 0.0810546875 0.025 0.037109375
0 0.6078125000000001 0.546875 0.021875000000000002 0.0234375
0 0.53671875 0.51171875 0.0171875 0.02734375
0 0.5765625 0.60546875 0.025 0.03515625
0 0.48671875000000003 0.5322265625 0.0171875 0.029296875
0 0.5437500000000001 0.6337890625 0.021875000000000002 0.037109375
0 0.521875 0.623046875 0.028125 0.0390625
0 0.46406250000000004 0.57421875 0.021875000000000002 0.0390625
0 0.4890625 0.6640625 0.034375 0.04296875
