0 0.15546875000000002 0.5537109375 0.0234375 0.037109375
0 0.51796875 0.68359375 0.0171875 0.02734375
0 0.56171875 0.0517578125 0.0171875 0.029296875
0 0.5453125 0.064453125 0.015625 0.03125
0 0.5125000000000001 0.0751953125 0.0125 0.021484375
0 0.5203125000000001 0.0869140625 0.0125 0.021484375
0 0.40859375000000003 0.140625 0.0171875 0.03125
0 0.41484375 0.162109375 0.0171875 0.02734375
0 0.38906250000000003 0.1337890625 0.0125 0.029296875
0 0.38125000000000003 0.162109375 0.018750000000000003 0.05078125
0 0.36640625000000004 0.14453125 0.010937500000000001 0.0234375
0 0.35703125 0.14453125 0.0140625 0.03125
