0 0.40546875000000004 0.896484375 0.0171875 0.03125
0 0.13046875 0.958984375 0.0171875 0.02734375
0 0.50390625 0.2978515625 0.010937500000000001 0.029296875
0 0.4859375 0.3017578125 0.0125 0.029296875
0 0.446875 0.2861328125 0.015625 0.029296875
0 0.44062500000000004 0.3271484375 0.0125 0.029296875
0 0.36796875 0.3203125 0.0140625 0.02734375
0 0.35468750000000004 0.40234375 0.018750000000000003 0.04296875
0 0.33984375 0.3828125 0.0140625 0.046875
0 0.32265625000000003 0.37890625 0.010937500000000001 0.02734375
0 0.30703125000000003 0.4306640625 0.0140625 0.041015625
0 0.2859375 0.4013671875 0.0125 0.029296875
0 0.26406250000000003 0.412109375 0.0125 0.0234375
0 0.88203125 0.083984375 0.0140625 0.03125
0 0.8695312500000001 0.0634765625 0.010937500000000001 0.025390625
