0 0.83125 0.248046875 0.025 0.03515625
0 0.765625 0.2998046875 0.021875000000000002 0.033203125
0 0.7203125 0.318359375 0.025 0.0390625
0 0.6960937500000001 0.3232421875 0.0203125 0.041015625
0 0.55234375 0.64453125 0.026562500000000003 0.03125
0 0.54609375 0.7529296875 0.0234375 0.033203125
0 0.53515625 0.673828125 0.026562500000000003 0.03125
0 0.515625 0.681640625 0.018750000000000003 0.03125
0 0.5437500000000001 0.8134765625 0.018750000000000003 0.029296875
0 0.47187500000000004 0.6826171875 0.021875000000000002 0.029296875
0 0.45859375 0.7587890625 0.0234375 0.037109375
0 0.50625 0.814453125 0.03125 0.05078125
