0 0.30078125 0.1669921875 0.0140625 0.033203125
0 0.2765625 0.1650390625 0.018750000000000003 0.033203125
0 0.259375 0.1552734375 0.018750000000000003 0.041015625
0 0.21875 0.5224609375 0.015625 0.037109375
0 0.23828125 0.53515625 0.0171875 0.03515625
0 0.30390625000000004 0.537109375 0.0234375 0.04296875
0 0.22031250000000002 0.56640625 0.018750000000000003 0.02734375
0 0.2171875 0.591796875 0.0125 0.02734375
0 0.22968750000000002 0.59375 0.0125 0.02734375
0 0.24296875 0.6044921875 0.0140625 0.025390625
0 0.25078125 0.61328125 0.0140625 0.0234375
0 0.26875 0.5888671875 0.018750000000000003 0.033203125
0 0.29531250000000003 0.6201171875 0.021875000000000002 0.044921875
0 0.32109375 0.6083984375 0.0171875 0.033203125
