0 0.2 0.52734375 0.021875000000000002 0.0390625
0 0.16953125000000002 0.5244140625 0.0203125 0.048828125
0 0.153125 0.5263671875 0.021875000000000002 0.041015625
0 0.153125 0.7529296875 0.021875000000000002 0.041015625
0 0.13515625 0.7470703125 0.029687500000000002 0.056640625
0 0.12187500000000001 0.72265625 0.015625 0.03515625
0 0.09765625 0.734375 0.026562500000000003 0.05859375
0 0.5 0.0322265625 0.0125 0.029296875
0 0.9375 0.1796875 0.0125 0.03125
0 0.9500000000000001 0.13671875 0.0125 0.02734375
