0 0.42890625000000004 0.173828125 0.0140625 0.02734375
0 0.42890625000000004 0.15234375 0.0140625 0.0234375
0 0.44765625000000003 0.142578125 0.0140625 0.03125
0 0.45703125 0.181640625 0.0140625 0.02734375
0 0.47187500000000004 0.1669921875 0.015625 0.025390625
0 0.48359375000000004 0.162109375 0.0140625 0.03515625
0 0.503125 0.1728515625 0.0125 0.025390625
0 0.515625 0.14453125 0.0125 0.03125
0 0.5140625 0.1923828125 0.0125 0.033203125
0 0.5328125 0.1572265625 0.0125 0.021484375
0 0.53828125 0.1806640625 0.010937500000000001 0.033203125
0 0.578125 0.2392578125 0.015625 0.041015625
0 0.58125 0.291015625 0.0125 0.0234375
0 0.5007812500000001 0.248046875 0.010937500000000001 0.0234375
0 0.22890625 0.4873046875 0.0140625 0.029296875
0 0.26015625000000003 0.5146484375 0.0171875 0.033203125
0 0.42031250000000003 0.50390625 0.0125 0.03125
0 0.45390625 0.4990234375 0.0140625 0.029296875
0 0.44453125000000004 0.4736328125 0.0171875 0.025390625
0 0.49296875 0.4931640625 0.0234375 0.041015625
0 0.48828125 0.5185546875 0.0171875 0.033203125
0 0.8812500000000001 0.642578125 0.0125 0.0234375
0 0.8757812500000001 0.69140625 0.0203125 0.0390625
0 0.14453125 0.9775390625 0.0171875 0.037109375
0 0.096875 0.9765625 0.021875000000000002 0.04296875
0 0.11406250000000001 0.98046875 0.015625 0.03125
