0 0.4 0.39453125 0.015625 0.02734375
0 0.4 0.421875 0.015625 0.03125
0 0.434375 0.439453125 0.018750000000000003 0.046875
0 0.33125000000000004 0.72265625 0.018750000000000003 0.02734375
0 0.32343750000000004 0.7490234375 0.018750000000000003 0.029296875
0 0.33906250000000004 0.75390625 0.015625 0.03125
0 0.3375 0.7802734375 0.021875000000000002 0.029296875
0 0.34375 0.8017578125 0.018750000000000003 0.037109375
0 0.3875 0.798828125 0.018750000000000003 0.03125
0 0.40234375 0.8388671875 0.0203125 0.041015625
0 0.32421875 0.8310546875 0.0171875 0.029296875
0 0.33046875000000003 0.8564453125 0.0140625 0.029296875
0 0.34375 0.8603515625 0.0125 0.033203125
0 0.35625 0.873046875 0.015625 0.02734375
0 0.36484375 0.8818359375 0.0140625 0.025390625
