0 0.21015625000000002 0.333984375 0.0140625 0.03125
0 0.38984375000000004 0.0458984375 0.0140625 0.029296875
0 0.403125 0.0302734375 0.0125 0.025390625
0 0.4078125 0.0595703125 0.0125 0.029296875
0 0.43593750000000003 0.025390625 0.015625 0.03125
0 0.45156250000000003 0.0302734375 0.015625 0.029296875
0 0.47890625000000003 0.0283203125 0.0140625 0.033203125
0 0.46953125 0.048828125 0.010937500000000001 0.02734375
0 0.49843750000000003 0.056640625 0.0125 0.03125
0 0.478125 0.0751953125 0.0125 0.025390625
0 0.5265625 0.1142578125 0.021875000000000002 0.033203125
0 0.5375 0.1591796875 0.018750000000000003 0.029296875
0 0.17734375000000002 0.3681640625 0.010937500000000001 0.029296875
0 0.48359375000000004 0.1376953125 0.010937500000000001 0.021484375
0 0.40937500000000004 0.3515625 0.015625 0.02734375
0 0.415625 0.3291015625 0.0125 0.025390625
0 0.40234375 0.3203125 0.026562500000000003 0.03125
0 0.43203125000000003 0.341796875 0.0140625 0.0234375
0 0.446875 0.3408203125 0.018750000000000003 0.044921875
0 0.8140625 0.4658203125 0.015625 0.033203125
0 0.80390625 0.501953125 0.0140625 0.03515625
0 0.16015625 0.7763671875 0.0171875 0.037109375
0 0.1453125 0.75390625 0.015625 0.03515625
0 0.115625 0.7587890625 0.018750000000000003 0.052734375
0 0.057031250000000006 0.91015625 0.0171875 0.0390625
0 0.03671875 0.89453125 0.0203125 0.0234375
0 0.037500000000000006 0.9296875 0.021875000000000002 0.05078125
0 0.029687500000000002 0.9638671875 0.021875000000000002 0.029296875
0 0.1046875 0.94140625 0.018750000000000003 0.03515625
0 0.08125 0.970703125 0.0125 0.02734375
