0 0.3484375 0.4580078125 0.021875000000000002 0.048828125
0 0.29765625 0.3759765625 0.0171875 0.033203125
0 0.328125 0.3857421875 0.018750000000000003 0.029296875
0 0.32734375000000004 0.4189453125 0.0203125 0.033203125
0 0.39375000000000004 0.861328125 0.021875000000000002 0.03515625
0 0.36250000000000004 0.7783203125 0.018750000000000003 0.025390625
0 0.27968750000000003 0.7646484375 0.018750000000000003 0.029296875
0 0.3046875 0.84765625 0.025 0.0390625
0 0.26484375 0.8115234375 0.0203125 0.033203125
0 0.259375 0.853515625 0.018750000000000003 0.03125
0 0.29921875000000003 0.880859375 0.026562500000000003 0.03515625
0 0.265625 0.9365234375 0.018750000000000003 0.029296875
