0 0.49765625 0.390625 0.010937500000000001 0.03515625
0 0.49375 0.3701171875 0.0125 0.033203125
0 0.26640625 0.7099609375 0.0140625 0.033203125
0 0.26953125 0.79296875 0.0140625 0.03125
0 0.48984375 0.7744140625 0.0234375 0.037109375
0 0.49531250000000004 0.8046875 0.0125 0.03125
0 0.571875 0.763671875 0.018750000000000003 0.03515625
0 0.5765625 0.7890625 0.0125 0.0234375
0 0.5398437500000001 0.359375 0.010937500000000001 0.02734375
0 0.53046875 0.3798828125 0.0140625 0.025390625
0 0.5242187500000001 0.4072265625 0.010937500000000001 0.033203125
0 0.55625 0.361328125 0.015625 0.02734375
0 0.5632812500000001 0.3876953125 0.0140625 0.029296875
0 0.596875 0.361328125 0.015625 0.02734375
0 0.609375 0.3759765625 0.015625 0.021484375
0 0.6296875000000001 0.3935546875 0.028125 0.041015625
0 0.5984375000000001 0.4091796875 0.015625 0.025390625
0 0.5476562500000001 0.484375 0.0140625 0.02734375
0 0.56953125 0.5068359375 0.0140625 0.029296875
0 0.6039062500000001 0.486328125 0.0140625 0.02734375
0 0.675 0.521484375 0.0125 0.02734375
0 0.6640625 0.5478515625 0.0125 0.025390625
0 0.5398437500000001 0.8017578125 0.0203125 0.037109375
0 0.55703125 0.8154296875 0.0171875 0.033203125
