0 0.37031250000000004 0.1689453125 0.043750000000000004 0.044921875
0 0.35781250000000003 0.2041015625 0.018750000000000003 0.029296875
0 0.340625 0.1982421875 0.021875000000000002 0.025390625
0 0.4 0.6923828125 0.021875000000000002 0.021484375
0 0.4296875 0.68359375 0.025 0.0234375
0 0.49375 0.703125 0.015625 0.0234375
0 0.44843750000000004 0.7255859375 0.034375 0.025390625
0 0.4296875 0.74609375 0.018750000000000003 0.0234375
0 0.41171875 0.7490234375 0.0140625 0.029296875
0 0.46015625000000004 0.767578125 0.0140625 0.03125
0 0.47734375 0.8349609375 0.0234375 0.025390625
