0 0.38046875 0.017578125 0.0234375 0.03515625
0 0.37109375 0.037109375 0.0203125 0.0234375
0 0.3609375 0.48046875 0.018750000000000003 0.0234375
0 0.37265625 0.546875 0.0171875 0.01171875
0 0.5015625 0.5791015625 0.021875000000000002 0.033203125
0 0.43593750000000003 0.5791015625 0.025 0.029296875
0 0.390625 0.6083984375 0.025 0.029296875
0 0.37265625 0.6181640625 0.029687500000000002 0.037109375
0 0.36171875000000003 0.626953125 0.0203125 0.02734375
0 0.371875 0.7109375 0.021875000000000002 0.02734375
