0 0.18906250000000002 0.2802734375 0.015625 0.037109375
0 0.16640625 0.2705078125 0.0171875 0.044921875
0 0.11171875 0.3154296875 0.0234375 0.041015625
0 0.11093750000000001 0.34375 0.018750000000000003 0.0390625
0 0.1375 0.20703125 0.021875000000000002 0.046875
0 0.07187500000000001 0.232421875 0.018750000000000003 0.0390625
0 0.096875 0.224609375 0.0125 0.0234375
0 0.096875 0.2587890625 0.018750000000000003 0.025390625
0 0.10859375 0.228515625 0.010937500000000001 0.0234375
0 0.11796875000000001 0.2333984375 0.010937500000000001 0.025390625
0 0.12734375 0.2431640625 0.010937500000000001 0.025390625
0 0.153125 0.0107421875 0.015625 0.021484375
0 0.17109375000000002 0.013671875 0.026562500000000003 0.02734375
