0 0.37343750000000003 0.32421875 0.015625 0.03515625
0 0.34296875000000004 0.3046875 0.0171875 0.03515625
0 0.30234375 0.3056640625 0.0203125 0.029296875
0 0.29375 0.3232421875 0.018750000000000003 0.037109375
0 0.2890625 0.6630859375 0.018750000000000003 0.033203125
0 0.36171875000000003 0.7197265625 0.026562500000000003 0.041015625
0 0.26640625 0.7294921875 0.0203125 0.033203125
0 0.33515625000000004 0.8056640625 0.0234375 0.037109375
0 0.28515625 0.78515625 0.026562500000000003 0.046875
0 0.259375 0.80859375 0.03125 0.03515625
