0 0.30859375 0.1328125 0.0203125 0.03515625
0 0.35781250000000003 0.169921875 0.0125 0.0234375
0 0.33906250000000004 0.1748046875 0.025 0.029296875
0 0.37109375 0.1962890625 0.029687500000000002 0.033203125
0 0.46015625000000004 0.6533203125 0.0234375 0.029296875
0 0.41015625 0.681640625 0.026562500000000003 0.0390625
0 0.39296875000000003 0.6923828125 0.0203125 0.013671875
0 0.39921875 0.720703125 0.0203125 0.02734375
0 0.39687500000000003 0.740234375 0.025 0.03125
0 0.465625 0.71875 0.018750000000000003 0.02734375
0 0.46718750000000003 0.7734375 0.015625 0.01953125
0 0.45546875000000003 0.8310546875 0.0203125 0.025390625
