0 0.32421875 0.1953125 0.026562500000000003 0.05078125
0 0.30312500000000003 0.1962890625 0.018750000000000003 0.025390625
0 0.27421875 0.169921875 0.029687500000000002 0.04296875
0 0.246875 0.232421875 0.018750000000000003 0.046875
0 0.31328125 0.4912109375 0.0234375 0.033203125
0 0.2890625 0.5244140625 0.018750000000000003 0.029296875
0 0.3296875 0.6162109375 0.015625 0.029296875
0 0.25078125 0.64453125 0.0203125 0.03125
0 0.25390625 0.673828125 0.0171875 0.02734375
0 0.3765625 0.6572265625 0.028125 0.044921875
0 0.328125 0.70703125 0.03125 0.04296875
0 0.34218750000000003 0.7412109375 0.021875000000000002 0.033203125
