0 0.52578125 0.0771484375 0.0140625 0.029296875
0 0.19843750000000002 0.228515625 0.009375000000000001 0.02734375
0 0.18671875000000002 0.2431640625 0.0140625 0.025390625
0 0.39609375 0.2158203125 0.0140625 0.029296875
0 0.40156250000000004 0.248046875 0.015625 0.03515625
0 0.4390625 0.234375 0.0125 0.02734375
0 0.4296875 0.2490234375 0.015625 0.025390625
0 0.7757812500000001 0.3984375 0.010937500000000001 0.03125
0 0.7820312500000001 0.3583984375 0.010937500000000001 0.029296875
0 0.13593750000000002 0.6220703125 0.0125 0.029296875
0 0.084375 0.625 0.0125 0.02734375
0 0.07421875 0.62109375 0.0171875 0.03125
0 0.1203125 0.7490234375 0.021875000000000002 0.041015625
0 0.1 0.7568359375 0.015625 0.033203125
0 0.06328125 0.7783203125 0.0171875 0.048828125
0 0.07109375 0.8291015625 0.0140625 0.037109375
0 0.0421875 0.7998046875 0.018750000000000003 0.044921875
