0 0.23593750000000002 0.2890625 0.0125 0.03125
0 0.23750000000000002 0.2548828125 0.015625 0.029296875
0 0.21171875 0.2666015625 0.010937500000000001 0.033203125
0 0.2 0.2919921875 0.018750000000000003 0.037109375
0 0.16796875 0.4541015625 0.0171875 0.029296875
0 0.14921875 0.4873046875 0.0171875 0.044921875
0 0.17421875 0.5556640625 0.0203125 0.041015625
0 0.22031250000000002 0.4931640625 0.018750000000000003 0.041015625
0 0.19140625 0.478515625 0.0140625 0.03125
0 0.19921875 0.501953125 0.0203125 0.03515625
