0 0.43515625 0.1650390625 0.0171875 0.037109375
0 0.41328125000000004 0.1708984375 0.026562500000000003 0.037109375
0 0.37343750000000003 0.18359375 0.03125 0.046875
0 0.40859375000000003 0.333984375 0.0234375 0.0390625
0 0.39609375 0.6728515625 0.0328125 0.033203125
0 0.496875 0.7021484375 0.021875000000000002 0.033203125
0 0.53515625 0.7158203125 0.0234375 0.025390625
0 0.3984375 0.720703125 0.018750000000000003 0.0234375
0 0.39296875000000003 0.8017578125 0.0234375 0.037109375
0 0.4421875 0.794921875 0.018750000000000003 0.0234375
0 0.46171875 0.802734375 0.029687500000000002 0.0390625
