0 0.35859375000000004 0.029296875 0.0203125 0.03515625
0 0.2828125 0.048828125 0.018750000000000003 0.03125
0 0.26406250000000003 0.0927734375 0.018750000000000003 0.033203125
0 0.2703125 0.1328125 0.021875000000000002 0.02734375
0 0.29921875000000003 0.4189453125 0.026562500000000003 0.041015625
0 0.2578125 0.447265625 0.018750000000000003 0.0390625
0 0.30703125000000003 0.5390625 0.0171875 0.03515625
0 0.22968750000000002 0.5634765625 0.018750000000000003 0.033203125
0 0.34609375000000003 0.5634765625 0.0171875 0.033203125
0 0.26328125 0.6552734375 0.0234375 0.029296875
0 0.33828125000000003 0.6337890625 0.0234375 0.029296875
0 0.19765625 0.5126953125 0.0171875 0.033203125
