0 0.27421875 0.1044921875 0.0140625 0.029296875
0 0.2609375 0.080078125 0.0125 0.02734375
0 0.47734375 0.1083984375 0.0140625 0.029296875
0 0.5109375 0.0771484375 0.015625 0.029296875
0 0.55234375 0.083984375 0.0140625 0.03125
0 0.5640625 0.0947265625 0.0125 0.029296875
0 0.50625 0.1083984375 0.0125 0.025390625
0 0.51328125 0.123046875 0.0140625 0.02734375
0 0.15859375 0.61328125 0.0140625 0.03125
0 0.1953125 0.6513671875 0.021875000000000002 0.033203125
0 0.15546875000000002 0.677734375 0.0171875 0.0390625
0 0.18203125 0.6689453125 0.0203125 0.029296875
0 0.98984375 0.26171875 0.0171875 0.03125
0 0.9695312500000001 0.3037109375 0.0203125 0.033203125
0 0.1046875 0.87109375 0.018750000000000003 0.03515625
0 0.10625000000000001 0.916015625 0.021875000000000002 0.0390625
0 0.13046875 0.8994140625 0.0140625 0.033203125
0 0.12578125 0.9443359375 0.0234375 0.048828125
0 0.15546875000000002 0.892578125 0.0140625 0.0390625
0 0.20468750000000002 0.8984375 0.018750000000000003 0.03515625
