0 0.3375 0.5068359375 0.015625 0.041015625
0 0.31484375000000003 0.5048828125 0.0171875 0.037109375
0 0.28125 0.5263671875 0.018750000000000003 0.033203125
0 0.29531250000000003 0.5498046875 0.015625 0.033203125
0 0.24140625000000002 0.8115234375 0.0171875 0.037109375
0 0.21796875000000002 0.818359375 0.0203125 0.03125
0 0.30781250000000004 0.9052734375 0.018750000000000003 0.037109375
0 0.20859375000000002 0.84765625 0.0140625 0.01953125
0 0.21953125 0.8544921875 0.0140625 0.025390625
0 0.23203125000000002 0.8603515625 0.010937500000000001 0.025390625
0 0.2421875 0.8720703125 0.0125 0.021484375
0 0.20468750000000002 0.8955078125 0.018750000000000003 0.041015625
0 0.18125000000000002 0.9169921875 0.021875000000000002 0.037109375
0 0.23750000000000002 0.9189453125 0.018750000000000003 0.041015625
0 0.2546875 0.927734375 0.018750000000000003 0.03125
