0 0.24375000000000002 0.1630859375 0.021875000000000002 0.025390625
0 0.26796875000000003 0.158203125 0.0203125 0.03125
0 0.24531250000000002 0.205078125 0.028125 0.03125
0 0.40078125000000003 0.3076171875 0.0171875 0.037109375
0 0.45 0.6650390625 0.015625 0.025390625
0 0.446875 0.7109375 0.028125 0.0390625
0 0.38046875 0.7041015625 0.0203125 0.029296875
0 0.39609375 0.7158203125 0.0171875 0.025390625
0 0.33125000000000004 0.7783203125 0.018750000000000003 0.021484375
0 0.4375 0.810546875 0.018750000000000003 0.02734375
0 0.37812500000000004 0.8203125 0.034375 0.04296875
0 0.37031250000000004 0.8486328125 0.021875000000000002 0.021484375
