0 0.4625 0.0146484375 0.025 0.029296875
0 0.40156250000000004 0.0302734375 0.018750000000000003 0.044921875
0 0.41171875 0.048828125 0.0171875 0.02734375
0 0.36484375 0.0439453125 0.0203125 0.041015625
0 0.39921875 0.5107421875 0.029687500000000002 0.041015625
0 0.3453125 0.517578125 0.025 0.02734375
0 0.3921875 0.6142578125 0.018750000000000003 0.021484375
0 0.3171875 0.6015625 0.021875000000000002 0.02734375
0 0.42812500000000003 0.6513671875 0.021875000000000002 0.029296875
0 0.3125 0.6640625 0.021875000000000002 0.0234375
0 0.31328125 0.6826171875 0.0234375 0.021484375
0 0.29375 0.7333984375 0.021875000000000002 0.029296875
