0 0.384375 0.2353515625 0.015625 0.029296875
0 0.359375 0.2548828125 0.0125 0.033203125
0 0.37734375000000003 0.287109375 0.0171875 0.02734375
0 0.34218750000000003 0.328125 0.0125 0.02734375
0 0.39140625 0.306640625 0.0140625 0.0234375
0 0.38906250000000003 0.3232421875 0.0125 0.025390625
0 0.42109375000000004 0.3193359375 0.010937500000000001 0.033203125
0 0.3609375 0.373046875 0.0125 0.02734375
0 0.5 0.03515625 0.021875000000000002 0.03515625
0 0.47109375000000003 0.0087890625 0.0234375 0.017578125
