0 0.60703125 0.62890625 0.0078125 0.0234375
0 0.60859375 0.650390625 0.010937500000000001 0.02734375
0 0.6273437500000001 0.619140625 0.010937500000000001 0.02734375
0 0.640625 0.640625 0.0125 0.03125
0 0.6257812500000001 0.68359375 0.010937500000000001 0.0234375
0 0.6765625000000001 0.6171875 0.015625 0.02734375
0 0.703125 0.615234375 0.009375000000000001 0.02734375
0 0.72578125 0.66015625 0.010937500000000001 0.02734375
0 0.68515625 0.646484375 0.010937500000000001 0.02734375
0 0.6570312500000001 0.65234375 0.010937500000000001 0.0234375
0 0.6828125 0.6875 0.0125 0.02734375
0 0.71796875 0.7578125 0.010937500000000001 0.02734375
0 0.765625 0.7412109375 0.009375000000000001 0.025390625
0 0.75546875 0.751953125 0.010937500000000001 0.02734375
0 0.74609375 0.7744140625 0.010937500000000001 0.029296875
0 0.8132812500000001 0.7939453125 0.010937500000000001 0.025390625
0 0.8046875 0.8251953125 0.0125 0.029296875
