0 0.36015625 0.03125 0.0171875 0.03125
0 0.5164062500000001 0.1015625 0.0140625 0.02734375
0 0.55703125 0.166015625 0.0171875 0.03125
0 0.42265625 0.3603515625 0.0171875 0.033203125
0 0.45234375000000004 0.3583984375 0.0140625 0.025390625
0 0.46640625 0.4150390625 0.0140625 0.033203125
0 0.39921875 0.4375 0.0140625 0.0234375
0 0.3765625 0.4091796875 0.0125 0.021484375
0 0.36015625 0.4208984375 0.0171875 0.025390625
0 0.36015625 0.46875 0.0171875 0.03125
0 0.40156250000000004 0.5205078125 0.0125 0.025390625
