0 0.20703125 0.1455078125 0.010937500000000001 0.025390625
0 0.24921875000000002 0.1865234375 0.010937500000000001 0.025390625
0 0.43359375 0.169921875 0.0140625 0.02734375
0 0.4859375 0.1591796875 0.009375000000000001 0.025390625
0 0.47578125000000004 0.1708984375 0.010937500000000001 0.029296875
0 0.4625 0.162109375 0.0125 0.02734375
0 0.45 0.177734375 0.0125 0.02734375
0 0.4703125 0.197265625 0.009375000000000001 0.0234375
0 0.7953125000000001 0.3291015625 0.015625 0.029296875
0 0.8546875 0.34765625 0.0125 0.02734375
0 0.09140625000000001 0.7041015625 0.010937500000000001 0.017578125
0 0.08671875000000001 0.7236328125 0.0140625 0.025390625
0 0.10390625 0.716796875 0.010937500000000001 0.0234375
0 0.11796875000000001 0.7568359375 0.010937500000000001 0.029296875
0 0.12812500000000002 0.9150390625 0.009375000000000001 0.025390625
0 0.12890625 0.9453125 0.010937500000000001 0.03125
0 0.14765625000000002 0.923828125 0.010937500000000001 0.02734375
0 0.16015625 0.912109375 0.010937500000000001 0.02734375
0 0.19687500000000002 0.9326171875 0.0125 0.029296875
0 0.17109375000000002 0.953125 0.010937500000000001 0.03125
0 0.15000000000000002 0.9853515625 0.018750000000000003 0.029296875
0 0.215625 0.9384765625 0.009375000000000001 0.017578125
0 0.2109375 0.9189453125 0.018750000000000003 0.025390625
