0 0.6234375000000001 0.4599609375 0.015625 0.025390625
0 0.6453125000000001 0.45703125 0.021875000000000002 0.03125
0 0.6414062500000001 0.51171875 0.0234375 0.03515625
0 0.38515625000000003 0.61328125 0.0140625 0.02734375
0 0.35078125000000004 0.6572265625 0.0140625 0.029296875
0 0.28671875 0.6533203125 0.0140625 0.029296875
0 0.296875 0.69921875 0.015625 0.02734375
0 0.41875 0.7197265625 0.0125 0.025390625
0 0.31484375000000003 0.724609375 0.0171875 0.0234375
0 0.33984375 0.75390625 0.0140625 0.02734375
0 0.35703125 0.779296875 0.0171875 0.0234375
