0 0.47187500000000004 0.1748046875 0.0125 0.025390625
0 0.5734375 0.228515625 0.0125 0.03515625
0 0.571875 0.263671875 0.018750000000000003 0.03125
0 0.415625 0.4541015625 0.021875000000000002 0.025390625
0 0.40937500000000004 0.4755859375 0.018750000000000003 0.025390625
0 0.45390625 0.521484375 0.0171875 0.03125
0 0.42578125 0.5244140625 0.0140625 0.029296875
0 0.38906250000000003 0.529296875 0.015625 0.02734375
0 0.359375 0.541015625 0.015625 0.03125
0 0.3671875 0.587890625 0.0125 0.03125
0 0.42500000000000004 0.578125 0.015625 0.03125
