0 0.5203125000000001 0.3056640625 0.015625 0.041015625
0 0.5734375 0.314453125 0.015625 0.03515625
0 0.5859375 0.3427734375 0.015625 0.033203125
0 0.28828125 0.55078125 0.026562500000000003 0.03125
0 0.34296875000000004 0.515625 0.0203125 0.03125
0 0.36015625 0.5498046875 0.0140625 0.025390625
0 0.325 0.607421875 0.018750000000000003 0.03125
0 0.34687500000000004 0.623046875 0.015625 0.03125
0 0.39765625000000004 0.609375 0.010937500000000001 0.02734375
0 0.46875 0.611328125 0.015625 0.03125
0 0.39921875 0.6650390625 0.0171875 0.029296875
