0 0.19062500000000002 0.017578125 0.018750000000000003 0.03125
0 0.16796875 0.2958984375 0.0140625 0.033203125
0 0.23203125000000002 0.30078125 0.0140625 0.03125
0 0.30234375 0.2734375 0.0203125 0.0234375
0 0.33437500000000003 0.25390625 0.015625 0.03515625
0 0.28203125 0.30859375 0.0140625 0.03125
0 0.28671875 0.3369140625 0.010937500000000001 0.033203125
0 0.24531250000000002 0.3642578125 0.018750000000000003 0.033203125
0 0.28828125 0.4111328125 0.0140625 0.037109375
0 0.634375 0.2333984375 0.018750000000000003 0.029296875
