0 0.45 0.61328125 0.0125 0.0234375
0 0.43281250000000004 0.6591796875 0.0125 0.029296875
0 0.5281250000000001 0.6240234375 0.009375000000000001 0.025390625
0 0.5375 0.6435546875 0.0125 0.025390625
0 0.49062500000000003 0.634765625 0.0125 0.03125
0 0.4578125 0.6337890625 0.0125 0.029296875
0 0.47500000000000003 0.6435546875 0.009375000000000001 0.025390625
0 0.48203125 0.65625 0.010937500000000001 0.02734375
0 0.5453125 0.6630859375 0.009375000000000001 0.029296875
0 0.51171875 0.654296875 0.010937500000000001 0.02734375
0 0.46640625 0.669921875 0.010937500000000001 0.02734375
0 0.5296875 0.67578125 0.0125 0.02734375
0 0.521875 0.7490234375 0.0125 0.029296875
0 0.56015625 0.7421875 0.010937500000000001 0.03125
0 0.571875 0.771484375 0.0125 0.02734375
0 0.6492187500000001 0.7578125 0.010937500000000001 0.02734375
0 0.634375 0.7939453125 0.0125 0.029296875
