0 0.29531250000000003 0.6943359375 0.0125 0.021484375
0 0.29609375 0.7392578125 0.0140625 0.037109375
0 0.353125 0.7109375 0.0125 0.0234375
0 0.39687500000000003 0.6533203125 0.025 0.037109375
0 0.36562500000000003 0.755859375 0.015625 0.02734375
0 0.421875 0.7705078125 0.0125 0.025390625
0 0.34375 0.8046875 0.018750000000000003 0.0234375
0 0.36171875000000003 0.8388671875 0.0171875 0.029296875
0 0.7234375000000001 0.544921875 0.018750000000000003 0.03515625
0 0.7046875 0.55859375 0.015625 0.03125
0 0.7203125 0.6259765625 0.021875000000000002 0.037109375
