0 0.20234375000000002 0.072265625 0.0203125 0.03515625
0 0.1796875 0.06640625 0.0125 0.03515625
0 0.259375 0.3544921875 0.015625 0.029296875
0 0.24375000000000002 0.375 0.015625 0.03125
0 0.27265625 0.396484375 0.0140625 0.03515625
0 0.2578125 0.4228515625 0.0125 0.033203125
0 0.24296875 0.4228515625 0.0140625 0.033203125
0 0.3328125 0.392578125 0.0125 0.02734375
0 0.31875000000000003 0.3818359375 0.0125 0.017578125
0 0.31562500000000004 0.3671875 0.0125 0.01953125
0 0.32734375000000004 0.359375 0.010937500000000001 0.03125
0 0.6859375000000001 0.3564453125 0.0125 0.033203125
