0 0.36875 0.56640625 0.015625 0.02734375
0 0.34375 0.6201171875 0.018750000000000003 0.029296875
0 0.28750000000000003 0.634765625 0.0125 0.03125
0 0.2890625 0.6689453125 0.015625 0.029296875
0 0.29531250000000003 0.708984375 0.015625 0.02734375
0 0.415625 0.689453125 0.0125 0.02734375
0 0.3359375 0.72265625 0.015625 0.02734375
0 0.35078125000000004 0.7490234375 0.0171875 0.025390625
0 0.5789062500000001 0.4189453125 0.0140625 0.029296875
0 0.6046875 0.412109375 0.015625 0.03125
0 0.60859375 0.4638671875 0.0234375 0.033203125
