0 0.18515625000000002 0.1279296875 0.0140625 0.041015625
0 0.26406250000000003 0.4052734375 0.0125 0.025390625
0 0.2671875 0.4384765625 0.015625 0.033203125
0 0.34218750000000003 0.4423828125 0.015625 0.033203125
0 0.38046875 0.4755859375 0.0171875 0.029296875
0 0.29453125 0.47265625 0.010937500000000001 0.02734375
0 0.27890625 0.4736328125 0.010937500000000001 0.025390625
0 0.25703125 0.494140625 0.010937500000000001 0.02734375
0 0.23515625 0.49609375 0.0140625 0.03125
0 0.7351562500000001 0.4775390625 0.0171875 0.029296875
0 0.20859375000000002 0.1318359375 0.0203125 0.037109375
