0 0.69296875 0.548828125 0.0203125 0.03125
0 0.7125 0.5419921875 0.018750000000000003 0.033203125
0 0.7125 0.6083984375 0.025 0.033203125
0 0.29531250000000003 0.6962890625 0.0125 0.025390625
0 0.40078125000000003 0.654296875 0.0203125 0.03125
0 0.35625 0.7109375 0.015625 0.02734375
0 0.2984375 0.7373046875 0.0125 0.037109375
0 0.36796875 0.759765625 0.0171875 0.02734375
0 0.42578125 0.7724609375 0.010937500000000001 0.029296875
0 0.34765625 0.806640625 0.0171875 0.0234375
0 0.3671875 0.8408203125 0.015625 0.029296875
