0 0.27421875 0.2001953125 0.010937500000000001 0.025390625
0 0.3375 0.2236328125 0.0125 0.029296875
0 0.2734375 0.2275390625 0.009375000000000001 0.025390625
0 0.48359375000000004 0.2724609375 0.010937500000000001 0.029296875
0 0.6328125 0.1220703125 0.0125 0.029296875
0 0.65390625 0.1318359375 0.010937500000000001 0.025390625
0 0.68125 0.138671875 0.0125 0.02734375
0 0.6609375000000001 0.10546875 0.009375000000000001 0.0234375
0 0.6671875 0.11328125 0.009375000000000001 0.0234375
0 0.6960937500000001 0.1123046875 0.010937500000000001 0.025390625
0 0.36796875 0.529296875 0.0140625 0.02734375
0 0.36562500000000003 0.578125 0.018750000000000003 0.03125
0 0.3984375 0.5439453125 0.0125 0.025390625
0 0.41250000000000003 0.568359375 0.0125 0.03125
0 0.42500000000000004 0.5634765625 0.0125 0.029296875
