0 0.11328125 0.1181640625 0.010937500000000001 0.033203125
0 0.19453125000000002 0.0849609375 0.0140625 0.033203125
0 0.22031250000000002 0.0458984375 0.015625 0.033203125
0 0.45859375 0.1611328125 0.0140625 0.033203125
0 0.28750000000000003 0.7646484375 0.018750000000000003 0.037109375
0 0.34765625 0.7451171875 0.0203125 0.025390625
0 0.39140625 0.7861328125 0.0171875 0.033203125
0 0.34687500000000004 0.802734375 0.015625 0.03125
0 0.36250000000000004 0.841796875 0.015625 0.02734375
0 0.3671875 0.8701171875 0.018750000000000003 0.037109375
