0 0.534375 0.0654296875 0.00625 0.017578125
0 0.56015625 0.056640625 0.0078125 0.01953125
0 0.5859375 0.0693359375 0.009375000000000001 0.021484375
0 0.6015625 0.0576171875 0.009375000000000001 0.021484375
0 0.6203125 0.0751953125 0.009375000000000001 0.021484375
0 0.5953125 0.087890625 0.009375000000000001 0.01953125
0 0.56640625 0.07421875 0.0078125 0.01953125
0 0.5375 0.0791015625 0.009375000000000001 0.021484375
0 0.6062500000000001 0.396484375 0.009375000000000001 0.0234375
0 0.5734375 0.412109375 0.009375000000000001 0.0234375
0 0.5828125000000001 0.4140625 0.009375000000000001 0.0234375
0 0.59375 0.423828125 0.009375000000000001 0.0234375
0 0.603125 0.4169921875 0.0125 0.021484375
0 0.47109375000000003 0.4833984375 0.0140625 0.021484375
0 0.25234375000000003 0.4794921875 0.010937500000000001 0.021484375
0 0.2734375 0.4873046875 0.009375000000000001 0.021484375
0 0.3125 0.486328125 0.0125 0.02734375
0 0.33125000000000004 0.7255859375 0.0125 0.021484375
0 0.3609375 0.7294921875 0.009375000000000001 0.021484375
0 0.35781250000000003 0.7509765625 0.009375000000000001 0.025390625
0 0.375 0.74609375 0.0125 0.0234375
0 0.3828125 0.7236328125 0.009375000000000001 0.025390625
0 0.39296875000000003 0.732421875 0.010937500000000001 0.0234375
