0 0.14296875 0.119140625 0.0140625 0.03515625
0 0.2828125 0.0166015625 0.015625 0.029296875
0 0.16640625 0.21484375 0.0140625 0.02734375
0 0.49453125000000003 0.111328125 0.0171875 0.03515625
0 0.27968750000000003 0.80078125 0.015625 0.03125
0 0.3171875 0.8017578125 0.018750000000000003 0.033203125
0 0.36562500000000003 0.81640625 0.015625 0.03125
0 0.34921875 0.865234375 0.0171875 0.03515625
0 0.39296875000000003 0.796875 0.010937500000000001 0.03125
0 0.40703125 0.8095703125 0.010937500000000001 0.025390625
