0 0.27421875 0.2919921875 0.010937500000000001 0.025390625
0 0.32734375000000004 0.3076171875 0.010937500000000001 0.033203125
0 0.27265625 0.3173828125 0.010937500000000001 0.025390625
0 0.50625 0.380859375 0.0125 0.02734375
0 0.6585937500000001 0.2099609375 0.010937500000000001 0.029296875
0 0.6703125000000001 0.2021484375 0.009375000000000001 0.025390625
0 0.7000000000000001 0.1982421875 0.0125 0.025390625
0 0.7171875000000001 0.19140625 0.0125 0.0234375
0 0.6640625 0.2255859375 0.009375000000000001 0.021484375
0 0.6726562500000001 0.22265625 0.0078125 0.0234375
0 0.38203125000000004 0.6357421875 0.010937500000000001 0.025390625
0 0.39296875000000003 0.66796875 0.010937500000000001 0.0234375
0 0.41953125 0.708984375 0.010937500000000001 0.02734375
0 0.43359375 0.685546875 0.0078125 0.015625
0 0.43828125 0.6953125 0.010937500000000001 0.01953125
0 0.45078125 0.6748046875 0.010937500000000001 0.025390625
0 0.46406250000000004 0.68359375 0.0125 0.03515625
