0 0.13984375000000002 0.138671875 0.010937500000000001 0.03125
0 0.26796875000000003 0.0283203125 0.0171875 0.029296875
0 0.1765625 0.2255859375 0.015625 0.033203125
0 0.49062500000000003 0.1259765625 0.021875000000000002 0.037109375
0 0.28046875 0.8173828125 0.0171875 0.033203125
0 0.31562500000000004 0.8203125 0.015625 0.02734375
0 0.34687500000000004 0.8408203125 0.015625 0.037109375
0 0.37812500000000004 0.80859375 0.0125 0.03125
0 0.3921875 0.82421875 0.0125 0.0234375
0 0.3484375 0.892578125 0.018750000000000003 0.02734375
