0 0.11015625000000001 0.1005859375 0.0140625 0.029296875
0 0.18359375 0.064453125 0.0140625 0.02734375
0 0.22031250000000002 0.0234375 0.018750000000000003 0.02734375
0 0.45390625 0.1748046875 0.0140625 0.033203125
0 0.30078125 0.7578125 0.0171875 0.0390625
0 0.35000000000000003 0.7431640625 0.015625 0.037109375
0 0.33515625000000004 0.7998046875 0.0203125 0.025390625
0 0.3609375 0.7890625 0.0125 0.03125
0 0.4078125 0.7890625 0.0125 0.02734375
0 0.37812500000000004 0.857421875 0.018750000000000003 0.03125
