0 0.35781250000000003 0.279296875 0.03125 0.03125
0 0.35859375000000004 0.392578125 0.026562500000000003 0.05078125
0 0.26484375 0.4033203125 0.029687500000000002 0.048828125
0 0.3296875 0.4794921875 0.03125 0.048828125
0 0.4421875 0.443359375 0.07187500000000001 0.04296875
0 0.27968750000000003 0.52734375 0.025 0.05078125
0 0.29921875000000003 0.498046875 0.026562500000000003 0.03125
0 0.20703125 0.6533203125 0.029687500000000002 0.033203125
0 0.25 0.6796875 0.021875000000000002 0.046875
0 0.31796875 0.732421875 0.0234375 0.03515625
0 0.2734375 0.7646484375 0.040625 0.052734375
0 0.3125 0.783203125 0.028125 0.03515625
0 0.225 0.765625 0.028125 0.02734375
0 0.20078125000000002 0.7861328125 0.0234375 0.041015625
0 0.134375 0.8115234375 0.03125 0.029296875
0 0.1484375 0.8388671875 0.03125 0.033203125
0 0.21875 0.8955078125 0.028125 0.029296875
0 0.37343750000000003 0.837890625 0.018750000000000003 0.03515625
0 0.12578125 0.8779296875 0.029687500000000002 0.037109375
0 0.16015625 0.9375 0.026562500000000003 0.03515625
0 0.9773437500000001 0.6875 0.0421875 0.046875
0 0.85546875 0.76171875 0.026562500000000003 0.046875
0 0.9296875 0.775390625 0.028125 0.03125
0 0.9500000000000001 0.8544921875 0.03125 0.025390625
0 0.82578125 0.9697265625 0.026562500000000003 0.041015625
0 0.9867187500000001 0.982421875 0.026562500000000003 0.03125
