0 0.17421875 0.0146484375 0.0203125 0.029296875
0 0.19140625 0.6162109375 0.0328125 0.044921875
0 0.11875000000000001 0.576171875 0.034375 0.0390625
0 0.18281250000000002 0.6708984375 0.028125 0.052734375
0 0.10234375000000001 0.6220703125 0.0390625 0.041015625
0 0.09140625000000001 0.66015625 0.0390625 0.04296875
0 0.11406250000000001 0.654296875 0.046875 0.05859375
0 0.04296875 0.677734375 0.0328125 0.0390625
0 0.7054687500000001 0.4697265625 0.026562500000000003 0.048828125
0 0.20625000000000002 0.8330078125 0.028125 0.029296875
0 0.12421875 0.8115234375 0.029687500000000002 0.041015625
0 0.11875000000000001 0.875 0.028125 0.05859375
0 0.06640625 0.9052734375 0.035937500000000004 0.033203125
0 0.16562500000000002 0.876953125 0.028125 0.03515625
0 0.721875 0.5634765625 0.025 0.033203125
0 0.60859375 0.7080078125 0.026562500000000003 0.037109375
0 0.9 0.544921875 0.028125 0.03125
0 0.86640625 0.5712890625 0.0203125 0.037109375
0 0.7679687500000001 0.658203125 0.026562500000000003 0.04296875
0 0.8015625000000001 0.6669921875 0.040625 0.037109375
0 0.8914062500000001 0.8037109375 0.0328125 0.041015625
0 0.7406250000000001 0.8505859375 0.021875000000000002 0.033203125
0 0.7820312500000001 0.9072265625 0.035937500000000004 0.029296875
0 0.8210937500000001 0.8935546875 0.029687500000000002 0.041015625
0 0.74375 0.9638671875 0.034375 0.044921875
