0 0.19453125000000002 0.017578125 0.0328125 0.02734375
0 0.17890625000000002 0.5947265625 0.026562500000000003 0.033203125
0 0.060937500000000006 0.576171875 0.03125 0.03515625
0 0.15000000000000002 0.6435546875 0.03125 0.029296875
0 0.10703125000000001 0.6572265625 0.0328125 0.041015625
0 0.17734375000000002 0.673828125 0.0203125 0.03515625
0 0.2078125 0.6826171875 0.034375 0.041015625
0 0.21953125 0.712890625 0.026562500000000003 0.03125
0 0.21875 0.828125 0.021875000000000002 0.0234375
0 0.09921875000000001 0.787109375 0.0203125 0.01953125
0 0.1390625 0.8076171875 0.03125 0.033203125
0 0.17734375000000002 0.8701171875 0.0234375 0.033203125
0 0.1328125 0.869140625 0.03125 0.05078125
0 0.07578125000000001 0.8984375 0.0390625 0.02734375
0 0.18671875000000002 0.923828125 0.0171875 0.03515625
0 0.19843750000000002 0.958984375 0.018750000000000003 0.02734375
0 0.81796875 0.009765625 0.026562500000000003 0.01953125
0 0.83515625 0.5498046875 0.026562500000000003 0.044921875
0 0.88984375 0.548828125 0.0328125 0.0390625
0 0.8734375000000001 0.64453125 0.018750000000000003 0.03515625
0 0.90546875 0.65625 0.0234375 0.03515625
0 0.6390625000000001 0.7177734375 0.018750000000000003 0.029296875
0 0.8140625 0.671875 0.043750000000000004 0.03515625
0 0.79296875 0.693359375 0.035937500000000004 0.0390625
0 0.90546875 0.8212890625 0.029687500000000002 0.041015625
0 0.7515625 0.861328125 0.021875000000000002 0.0234375
0 0.78671875 0.8916015625 0.0234375 0.025390625
0 0.7664062500000001 0.880859375 0.0171875 0.01953125
0 0.84140625 0.9287109375 0.026562500000000003 0.041015625
0 0.9078125 0.9453125 0.021875000000000002 0.03125
0 0.828125 0.982421875 0.018750000000000003 0.03125
