0 0.29296875 0.0087890625 0.026562500000000003 0.017578125
0 0.9390625 0.048828125 0.025 0.03515625
0 0.23750000000000002 0.4755859375 0.021875000000000002 0.029296875
0 0.146875 0.486328125 0.025 0.03125
0 0.0546875 0.4423828125 0.021875000000000002 0.033203125
0 0.23203125000000002 0.5673828125 0.026562500000000003 0.033203125
0 0.15390625000000002 0.564453125 0.035937500000000004 0.03125
0 0.31484375000000003 0.6162109375 0.029687500000000002 0.033203125
0 0.2578125 0.634765625 0.025 0.02734375
0 0.22968750000000002 0.625 0.025 0.03125
0 0.17343750000000002 0.765625 0.025 0.03515625
0 0.1484375 0.734375 0.034375 0.03515625
0 0.253125 0.7958984375 0.021875000000000002 0.025390625
0 0.21015625000000002 0.8349609375 0.029687500000000002 0.029296875
0 0.16015625 0.8291015625 0.035937500000000004 0.044921875
0 0.10859375 0.8486328125 0.045312500000000006 0.044921875
0 0.2671875 0.8779296875 0.028125 0.029296875
0 0.21484375 0.9013671875 0.0234375 0.021484375
0 0.19375 0.96484375 0.021875000000000002 0.0390625
0 0.09843750000000001 0.9658203125 0.03125 0.033203125
0 0.82421875 0.509765625 0.0234375 0.04296875
0 0.8625 0.607421875 0.043750000000000004 0.05078125
0 0.7984375 0.6845703125 0.034375 0.041015625
0 0.6953125 0.7236328125 0.018750000000000003 0.037109375
0 0.93515625 0.6728515625 0.0203125 0.025390625
0 0.91015625 0.7255859375 0.0203125 0.033203125
0 0.82734375 0.7275390625 0.0203125 0.029296875
0 0.7664062500000001 0.787109375 0.029687500000000002 0.0390625
0 0.9390625 0.8720703125 0.028125 0.041015625
0 0.9242187500000001 0.943359375 0.0203125 0.04296875
0 0.815625 0.9208984375 0.021875000000000002 0.033203125
0 0.7828125 0.8916015625 0.018750000000000003 0.025390625
0 0.79453125 0.9140625 0.0171875 0.0234375
