0 0.496875 0.4150390625 0.021875000000000002 0.029296875
0 0.4296875 0.484375 0.040625 0.0546875
0 0.39453125 0.505859375 0.026562500000000003 0.03125
0 0.49140625000000004 0.5126953125 0.0203125 0.041015625
0 0.47187500000000004 0.572265625 0.018750000000000003 0.03125
0 0.42421875000000003 0.5615234375 0.029687500000000002 0.041015625
0 0.31562500000000004 0.6357421875 0.028125 0.037109375
0 0.58359375 0.59765625 0.035937500000000004 0.03515625
0 0.27421875 0.76953125 0.029687500000000002 0.046875
0 0.65390625 0.6962890625 0.0390625 0.044921875
0 0.4625 0.7216796875 0.021875000000000002 0.021484375
0 0.5046875000000001 0.728515625 0.025 0.03125
0 0.9320312500000001 0.1767578125 0.0203125 0.037109375
0 0.9906250000000001 0.1845703125 0.018750000000000003 0.033203125
