0 0.54609375 0.533203125 0.0171875 0.046875
0 0.59609375 0.9443359375 0.026562500000000003 0.064453125
0 0.80234375 0.08984375 0.0234375 0.05859375
0 0.8539062500000001 0.0419921875 0.0203125 0.060546875
0 0.78125 0.896484375 0.03125 0.0625
0 0.8187500000000001 0.9033203125 0.025 0.056640625
0 0.9625 0.4912109375 0.018750000000000003 0.044921875
0 0.8921875 0.390625 0.021875000000000002 0.0546875
0 0.90546875 0.3955078125 0.0203125 0.048828125
0 0.9226562500000001 0.3994140625 0.0234375 0.048828125
