0 0.27734375 0.326171875 0.0328125 0.0390625
0 0.56953125 0.365234375 0.0171875 0.03515625
0 0.48984375 0.4365234375 0.0203125 0.037109375
0 0.51328125 0.4306640625 0.026562500000000003 0.052734375
0 0.37109375 0.4482421875 0.026562500000000003 0.037109375
0 0.41328125000000004 0.5205078125 0.029687500000000002 0.037109375
0 0.37812500000000004 0.5009765625 0.043750000000000004 0.041015625
0 0.584375 0.5859375 0.037500000000000006 0.03515625
0 0.64765625 0.6845703125 0.026562500000000003 0.033203125
0 0.503125 0.7197265625 0.028125 0.033203125
0 0.453125 0.716796875 0.025 0.03515625
0 0.9500000000000001 0.1748046875 0.021875000000000002 0.044921875
0 0.9851562500000001 0.162109375 0.026562500000000003 0.03515625
