0 0.18984375 0.36328125 0.0203125 0.0390625
0 0.578125 0.0146484375 0.018750000000000003 0.025390625
0 0.7015625000000001 0.0654296875 0.018750000000000003 0.037109375
0 0.6734375 0.0986328125 0.03125 0.025390625
0 0.696875 0.13671875 0.034375 0.046875
0 0.371875 0.416015625 0.028125 0.046875
0 0.35546875 0.5029296875 0.026562500000000003 0.029296875
0 0.1875 0.513671875 0.040625 0.05078125
0 0.15234375 0.4775390625 0.0390625 0.048828125
0 0.13203125000000002 0.5576171875 0.029687500000000002 0.037109375
0 0.040625 0.515625 0.040625 0.05859375
0 0.1234375 0.6171875 0.03125 0.0390625
0 0.0734375 0.6044921875 0.03125 0.025390625
0 0.06640625 0.638671875 0.0328125 0.03125
0 0.9328125 0.150390625 0.025 0.03515625
0 0.8812500000000001 0.203125 0.021875000000000002 0.04296875
0 0.9148437500000001 0.2421875 0.0421875 0.046875
0 0.984375 0.2763671875 0.028125 0.033203125
0 0.39375000000000004 0.6337890625 0.037500000000000006 0.048828125
0 0.27968750000000003 0.662109375 0.028125 0.03125
0 0.26796875000000003 0.740234375 0.0234375 0.02734375
0 0.47890625000000003 0.97265625 0.0421875 0.04296875
