0 0.98828125 0.5078125 0.0234375 0.05078125
0 0.09375 0.7392578125 0.037500000000000006 0.037109375
0 0.029687500000000002 0.8466796875 0.021875000000000002 0.033203125
0 0.06328125 0.8916015625 0.026562500000000003 0.029296875
0 0.032031250000000004 0.94921875 0.029687500000000002 0.03125
0 0.1234375 0.9638671875 0.037500000000000006 0.041015625
0 0.42265625 0.8681640625 0.0390625 0.029296875
0 0.52890625 0.556640625 0.029687500000000002 0.03515625
0 0.509375 0.3525390625 0.037500000000000006 0.041015625
0 0.4421875 0.5322265625 0.025 0.037109375
0 0.5437500000000001 0.4248046875 0.05 0.064453125
0 0.66328125 0.3642578125 0.029687500000000002 0.037109375
0 0.64609375 0.4267578125 0.0234375 0.033203125
0 0.659375 0.54296875 0.015625 0.05078125
0 0.640625 0.5634765625 0.021875000000000002 0.029296875
0 0.72265625 0.6591796875 0.0171875 0.029296875
0 0.73828125 0.6640625 0.0140625 0.0390625
0 0.59375 0.7509765625 0.018750000000000003 0.033203125
0 0.6312500000000001 0.7666015625 0.025 0.033203125
0 0.7835937500000001 0.771484375 0.0328125 0.04296875
