0 0.634375 0.3427734375 0.025 0.033203125
0 0.571875 0.3408203125 0.025 0.033203125
0 0.9265625000000001 0.240234375 0.043750000000000004 0.0703125
0 0.675 0.13671875 0.025 0.0390625
0 0.67890625 0.0615234375 0.0203125 0.048828125
0 0.64765625 0.1025390625 0.0390625 0.044921875
0 0.5515625000000001 0.037109375 0.043750000000000004 0.06640625
0 0.5453125 0.01171875 0.025 0.0234375
0 0.51328125 0.447265625 0.026562500000000003 0.02734375
0 0.4609375 0.390625 0.021875000000000002 0.03515625
0 0.45234375000000004 0.4423828125 0.0203125 0.033203125
0 0.20234375000000002 0.3291015625 0.0234375 0.033203125
0 0.23984375000000002 0.443359375 0.029687500000000002 0.03125
0 0.21640625000000002 0.505859375 0.0234375 0.03125
0 0.1 0.51171875 0.034375 0.03515625
0 0.096875 0.5361328125 0.03125 0.025390625
0 0.3609375 0.61328125 0.021875000000000002 0.0390625
0 0.39609375 0.642578125 0.026562500000000003 0.03125
0 0.21484375 0.71484375 0.026562500000000003 0.02734375
0 0.2421875 0.7529296875 0.021875000000000002 0.033203125
0 0.21171875 0.75390625 0.026562500000000003 0.02734375
0 0.40859375000000003 0.9150390625 0.051562500000000004 0.041015625
0 0.40546875000000004 0.9560546875 0.029687500000000002 0.037109375
0 0.00625 0.908203125 0.0125 0.02734375
