0 0.50234375 0.0234375 0.026562500000000003 0.0390625
0 0.6703125000000001 0.0400390625 0.021875000000000002 0.041015625
0 0.6421875 0.076171875 0.046875 0.04296875
0 0.6664062500000001 0.1083984375 0.035937500000000004 0.048828125
0 0.75 0.1689453125 0.046875 0.041015625
0 0.7289062500000001 0.2822265625 0.029687500000000002 0.033203125
0 0.67734375 0.255859375 0.026562500000000003 0.04296875
0 0.6804687500000001 0.310546875 0.0203125 0.0390625
0 0.9656250000000001 0.314453125 0.025 0.03515625
0 0.1078125 0.328125 0.034375 0.0390625
0 0.12578125 0.4609375 0.026562500000000003 0.03125
0 0.053125000000000006 0.5751953125 0.034375 0.044921875
0 0.15625 0.552734375 0.025 0.03125
0 0.18906250000000002 0.5537109375 0.028125 0.033203125
0 0.2078125 0.6015625 0.025 0.04296875
0 0.3015625 0.5673828125 0.015625 0.025390625
0 0.3875 0.615234375 0.028125 0.03125
0 0.27890625 0.666015625 0.0203125 0.046875
0 0.25703125 0.6591796875 0.0234375 0.033203125
0 0.19687500000000002 0.71875 0.028125 0.03125
0 0.1609375 0.7353515625 0.018750000000000003 0.029296875
0 0.36875 0.8427734375 0.03125 0.033203125
0 0.50546875 0.873046875 0.026562500000000003 0.02734375
