0 0.7515625 0.3037109375 0.028125 0.033203125
0 0.7312500000000001 0.2333984375 0.037500000000000006 0.037109375
0 0.7796875000000001 0.181640625 0.028125 0.03125
0 0.67578125 0.0537109375 0.0203125 0.041015625
0 0.6765625000000001 0.123046875 0.025 0.03515625
0 0.65 0.083984375 0.037500000000000006 0.0390625
0 0.55390625 0.287109375 0.0234375 0.0390625
0 0.084375 0.38671875 0.03125 0.0390625
0 0.13046875 0.4892578125 0.0234375 0.037109375
0 0.2671875 0.599609375 0.025 0.04296875
0 0.15781250000000002 0.5595703125 0.028125 0.029296875
0 0.2 0.56640625 0.025 0.04296875
0 0.38125000000000003 0.6357421875 0.021875000000000002 0.037109375
0 0.265625 0.6669921875 0.021875000000000002 0.033203125
0 0.1484375 0.650390625 0.025 0.03125
0 0.0328125 0.5732421875 0.028125 0.025390625
0 0.19296875000000002 0.6875 0.0234375 0.02734375
0 0.19765625 0.7265625 0.029687500000000002 0.0234375
0 0.47109375000000003 0.8837890625 0.0328125 0.041015625
0 0.31328125 0.9775390625 0.026562500000000003 0.037109375
