0 0.17265625 0.2021484375 0.0140625 0.033203125
0 0.30781250000000004 0.248046875 0.0125 0.03515625
0 0.37343750000000003 0.19140625 0.015625 0.0390625
0 0.059375000000000004 0.5126953125 0.015625 0.041015625
0 0.08281250000000001 0.580078125 0.015625 0.04296875
0 0.028125 0.552734375 0.015625 0.0390625
0 0.7976562500000001 0.927734375 0.0171875 0.046875
0 0.9343750000000001 0.7626953125 0.0125 0.041015625
0 0.890625 0.708984375 0.015625 0.04296875
0 0.7679687500000001 0.4794921875 0.0171875 0.041015625
0 0.80078125 0.466796875 0.010937500000000001 0.03515625
0 0.8070312500000001 0.455078125 0.0171875 0.03515625
0 0.8046875 0.4345703125 0.009375000000000001 0.029296875
0 0.8953125000000001 0.431640625 0.0125 0.0390625
0 0.84765625 0.3564453125 0.0140625 0.037109375
0 0.7140625 0.4296875 0.015625 0.0390625
0 0.58125 0.3876953125 0.015625 0.037109375
0 0.63046875 0.2177734375 0.010937500000000001 0.033203125
0 0.6531250000000001 0.1728515625 0.0125 0.033203125
0 0.55625 0.1708984375 0.0125 0.033203125
0 0.7093750000000001 0.033203125 0.015625 0.03515625
0 0.9296875 0.41796875 0.015625 0.0390625
