0 0.17500000000000002 0.0146484375 0.018750000000000003 0.029296875
0 0.1609375 0.62890625 0.025 0.03125
0 0.045312500000000006 0.6630859375 0.025 0.037109375
0 0.12734375 0.6611328125 0.029687500000000002 0.044921875
0 0.14765625000000002 0.6865234375 0.0203125 0.037109375
0 0.17734375000000002 0.681640625 0.0328125 0.05078125
0 0.065625 0.708984375 0.03125 0.03515625
0 0.08750000000000001 0.79296875 0.015625 0.03515625
0 0.1265625 0.80859375 0.03125 0.046875
0 0.20468750000000002 0.828125 0.03125 0.03515625
0 0.16562500000000002 0.876953125 0.03125 0.03515625
0 0.12187500000000001 0.8740234375 0.028125 0.056640625
0 0.0671875 0.904296875 0.043750000000000004 0.0390625
0 0.19296875000000002 0.9697265625 0.0234375 0.037109375
0 0.1546875 0.982421875 0.028125 0.02734375
0 0.11640625 0.9873046875 0.0203125 0.021484375
0 0.8109375000000001 0.5400390625 0.05 0.064453125
0 0.8757812500000001 0.595703125 0.029687500000000002 0.04296875
0 0.91796875 0.6025390625 0.0234375 0.044921875
0 0.734375 0.6806640625 0.025 0.037109375
0 0.8070312500000001 0.6865234375 0.035937500000000004 0.033203125
0 0.6234375000000001 0.70703125 0.025 0.0390625
0 0.8929687500000001 0.8017578125 0.026562500000000003 0.041015625
0 0.74140625 0.8466796875 0.0234375 0.025390625
0 0.77890625 0.88671875 0.0328125 0.03515625
0 0.821875 0.8896484375 0.034375 0.041015625
0 0.78515625 0.9521484375 0.0234375 0.033203125
0 0.8406250000000001 0.982421875 0.040625 0.03125
