0 0.22265625 0.5341796875 0.0328125 0.033203125
0 0.0703125 0.564453125 0.043750000000000004 0.03125
0 0.7140625 0.4345703125 0.03125 0.033203125
0 0.17421875 0.015625 0.0234375 0.03125
0 0.84140625 0.552734375 0.026562500000000003 0.0390625
0 0.8718750000000001 0.5390625 0.028125 0.0390625
0 0.015625 0.6904296875 0.028125 0.025390625
0 0.030468750000000003 0.712890625 0.029687500000000002 0.0390625
0 0.09296875 0.6240234375 0.0234375 0.033203125
0 0.115625 0.640625 0.025 0.02734375
0 0.18281250000000002 0.6708984375 0.025 0.041015625
0 0.72578125 0.58203125 0.0234375 0.0234375
0 0.7679687500000001 0.626953125 0.026562500000000003 0.03515625
0 0.8140625 0.6611328125 0.025 0.052734375
0 0.6273437500000001 0.6962890625 0.0328125 0.033203125
0 0.8914062500000001 0.806640625 0.029687500000000002 0.0390625
0 0.7390625000000001 0.8505859375 0.018750000000000003 0.029296875
0 0.753125 0.87109375 0.018750000000000003 0.01953125
0 0.8203125 0.8935546875 0.03125 0.044921875
0 0.09375 0.7939453125 0.034375 0.029296875
0 0.125 0.8154296875 0.028125 0.025390625
0 0.2078125 0.8330078125 0.025 0.033203125
0 0.16796875 0.876953125 0.026562500000000003 0.03125
0 0.11875000000000001 0.876953125 0.034375 0.0546875
0 0.06640625 0.908203125 0.0421875 0.03125
