0 0.571875 0.3427734375 0.053125000000000006 0.052734375
0 0.08828125 0.6240234375 0.0328125 0.037109375
0 0.6023437500000001 0.47265625 0.029687500000000002 0.04296875
0 0.6179687500000001 0.6259765625 0.026562500000000003 0.052734375
0 0.71484375 0.5419921875 0.0421875 0.056640625
0 0.7484375000000001 0.5478515625 0.025 0.044921875
0 0.0421875 0.681640625 0.025 0.0390625
0 0.02734375 0.71875 0.026562500000000003 0.03515625
0 0.0054687500000000005 0.7041015625 0.010937500000000001 0.033203125
0 0.0703125 0.73046875 0.021875000000000002 0.02734375
0 0.047656250000000004 0.7275390625 0.026562500000000003 0.029296875
0 0.11406250000000001 0.873046875 0.021875000000000002 0.02734375
0 0.08984375 0.900390625 0.0171875 0.03125
0 0.125 0.9267578125 0.040625 0.033203125
0 0.02890625 0.8720703125 0.026562500000000003 0.029296875
0 0.06875 0.92578125 0.018750000000000003 0.03125
0 0.09375 0.9287109375 0.015625 0.025390625
0 0.009375000000000001 0.9658203125 0.018750000000000003 0.033203125
0 0.004687500000000001 0.8818359375 0.009375000000000001 0.021484375
0 0.49531250000000004 0.689453125 0.021875000000000002 0.0390625
0 0.521875 0.703125 0.025 0.046875
0 0.7898437500000001 0.712890625 0.029687500000000002 0.0390625
0 0.6453125000000001 0.7880859375 0.021875000000000002 0.033203125
0 0.6859375000000001 0.80859375 0.021875000000000002 0.03515625
0 0.8046875 0.8310546875 0.025 0.037109375
0 0.63203125 0.982421875 0.029687500000000002 0.03125
