0 0.41250000000000003 0.328125 0.028125 0.04296875
0 0.35000000000000003 0.38671875 0.03125 0.046875
0 0.3875 0.4384765625 0.018750000000000003 0.037109375
0 0.40468750000000003 0.44921875 0.040625 0.0546875
0 0.27890625 0.4912109375 0.0421875 0.072265625
0 0.37109375 0.5869140625 0.029687500000000002 0.056640625
0 0.2265625 0.669921875 0.028125 0.02734375
0 0.26406250000000003 0.6943359375 0.028125 0.037109375
0 0.3359375 0.75 0.021875000000000002 0.02734375
0 0.24765625000000002 0.7568359375 0.029687500000000002 0.048828125
0 0.28750000000000003 0.7734375 0.037500000000000006 0.0390625
0 0.18125000000000002 0.7734375 0.021875000000000002 0.03125
0 0.13203125000000002 0.8359375 0.0234375 0.03515625
0 0.2484375 0.8984375 0.021875000000000002 0.03515625
0 0.27421875 0.8330078125 0.0234375 0.029296875
0 0.31171875000000004 0.8984375 0.029687500000000002 0.03125
0 0.40234375 0.861328125 0.035937500000000004 0.04296875
0 0.096875 0.97265625 0.034375 0.0234375
0 0.16718750000000002 0.98828125 0.021875000000000002 0.01953125
0 0.48125 0.0107421875 0.015625 0.021484375
0 0.95703125 0.1669921875 0.026562500000000003 0.041015625
0 0.940625 0.4951171875 0.025 0.048828125
0 0.93671875 0.6455078125 0.0390625 0.056640625
0 0.7664062500000001 0.69140625 0.026562500000000003 0.03515625
0 0.8992187500000001 0.8408203125 0.026562500000000003 0.041015625
0 0.83515625 0.98828125 0.0234375 0.01953125
