0 0.40859375000000003 0.31640625 0.035937500000000004 0.03515625
0 0.39296875000000003 0.3583984375 0.0546875 0.076171875
0 0.33125000000000004 0.412109375 0.028125 0.02734375
0 0.35234375 0.4326171875 0.026562500000000003 0.029296875
0 0.27109375 0.466796875 0.0171875 0.03515625
0 0.28125 0.4921875 0.018750000000000003 0.03125
0 0.3921875 0.54296875 0.03125 0.05078125
0 0.42500000000000004 0.5234375 0.03125 0.0625
0 0.22031250000000002 0.6572265625 0.021875000000000002 0.025390625
0 0.2578125 0.685546875 0.028125 0.03515625
0 0.32734375000000004 0.7353515625 0.026562500000000003 0.037109375
0 0.23125 0.7421875 0.05 0.05078125
0 0.27968750000000003 0.7607421875 0.028125 0.041015625
0 0.31015625 0.8115234375 0.026562500000000003 0.033203125
0 0.14609375 0.80859375 0.0203125 0.04296875
0 0.16640625 0.796875 0.026562500000000003 0.046875
0 0.25 0.806640625 0.028125 0.03515625
0 0.40156250000000004 0.859375 0.021875000000000002 0.03515625
0 0.22031250000000002 0.888671875 0.034375 0.0390625
0 0.09765625 0.92578125 0.029687500000000002 0.02734375
0 0.1765625 0.955078125 0.03125 0.03125
0 0.9046875000000001 0.7099609375 0.037500000000000006 0.060546875
0 0.94921875 0.736328125 0.035937500000000004 0.05078125
0 0.85078125 0.7578125 0.035937500000000004 0.04296875
0 0.9085937500000001 0.8310546875 0.045312500000000006 0.060546875
0 0.8296875 0.978515625 0.025 0.0390625
0 0.98828125 0.986328125 0.0203125 0.015625
