0 0.07734375 0.462890625 0.0171875 0.04296875
0 0.02734375 0.51171875 0.0140625 0.04296875
0 0.078125 0.5341796875 0.015625 0.037109375
0 0.7718750000000001 0.955078125 0.015625 0.04296875
0 0.940625 0.779296875 0.015625 0.04296875
0 0.8968750000000001 0.671875 0.015625 0.0390625
0 0.7757812500000001 0.5205078125 0.0140625 0.041015625
0 0.81171875 0.43359375 0.0140625 0.03125
0 0.90546875 0.435546875 0.0140625 0.03515625
0 0.6765625000000001 0.515625 0.018750000000000003 0.04296875
0 0.8078125 0.3115234375 0.015625 0.037109375
0 0.6875 0.3095703125 0.015625 0.037109375
0 0.6625000000000001 0.2158203125 0.0125 0.033203125
0 0.63203125 0.22265625 0.0140625 0.03125
0 0.45937500000000003 0.2236328125 0.015625 0.037109375
0 0.74609375 0.064453125 0.0140625 0.03515625
0 0.36328125 0.265625 0.0140625 0.03515625
0 0.33906250000000004 0.2412109375 0.015625 0.037109375
