0 0.5984375000000001 0.353515625 0.015625 0.03125
0 0.5984375000000001 0.3857421875 0.03125 0.037109375
0 0.6015625 0.42578125 0.028125 0.03125
0 0.62890625 0.509765625 0.029687500000000002 0.03125
0 0.07421875 0.958984375 0.026562500000000003 0.03125
0 0.018750000000000003 0.962890625 0.034375 0.02734375
0 0.5453125 0.3974609375 0.025 0.037109375
0 0.49375 0.5517578125 0.018750000000000003 0.029296875
0 0.6351562500000001 0.58203125 0.0390625 0.046875
0 0.60546875 0.5732421875 0.0234375 0.044921875
0 0.6828125 0.623046875 0.043750000000000004 0.0390625
0 0.7250000000000001 0.73046875 0.028125 0.03125
0 0.5789062500000001 0.736328125 0.026562500000000003 0.02734375
0 0.5265625 0.7275390625 0.028125 0.029296875
