0 0.54140625 0.3134765625 0.0390625 0.056640625
0 0.9390625 0.1748046875 0.034375 0.044921875
0 0.9890625000000001 0.189453125 0.021875000000000002 0.03515625
0 0.45546875000000003 0.43359375 0.045312500000000006 0.0625
0 0.584375 0.5908203125 0.043750000000000004 0.052734375
0 0.46406250000000004 0.5205078125 0.021875000000000002 0.041015625
0 0.42109375000000004 0.5078125 0.0171875 0.03125
0 0.434375 0.544921875 0.021875000000000002 0.02734375
0 0.42500000000000004 0.5869140625 0.03125 0.056640625
0 0.30781250000000004 0.5693359375 0.034375 0.060546875
0 0.26171875 0.703125 0.026562500000000003 0.046875
0 0.6484375 0.689453125 0.025 0.03125
0 0.50390625 0.7265625 0.0234375 0.03515625
0 0.46328125000000003 0.7197265625 0.0203125 0.029296875
