0 0.390625 0.3974609375 0.03125 0.041015625
0 0.67890625 0.05859375 0.0203125 0.0390625
0 0.5125000000000001 0.01171875 0.025 0.0234375
0 0.45156250000000003 0.013671875 0.015625 0.02734375
0 0.11953125 0.435546875 0.029687500000000002 0.046875
0 0.25234375000000003 0.529296875 0.0328125 0.04296875
0 0.13984375000000002 0.4951171875 0.0234375 0.025390625
0 0.38359375 0.6494140625 0.0328125 0.041015625
0 0.16328125000000002 0.5634765625 0.0203125 0.037109375
0 0.0125 0.5029296875 0.021875000000000002 0.044921875
0 0.0234375 0.5703125 0.028125 0.03125
0 0.07421875 0.6611328125 0.0203125 0.029296875
0 0.17265625 0.7041015625 0.0234375 0.029296875
0 0.24453125 0.634765625 0.0234375 0.02734375
0 0.21250000000000002 0.6259765625 0.018750000000000003 0.029296875
0 0.26875 0.6708984375 0.021875000000000002 0.029296875
0 0.44765625000000003 0.91015625 0.026562500000000003 0.03125
0 0.8148437500000001 0.09375 0.0203125 0.0390625
0 0.65234375 0.08984375 0.035937500000000004 0.03125
0 0.67578125 0.126953125 0.035937500000000004 0.046875
0 0.7984375 0.2158203125 0.025 0.033203125
0 0.8109375000000001 0.26953125 0.021875000000000002 0.03515625
0 0.97421875 0.2744140625 0.0328125 0.044921875
