0 0.55234375 0.017578125 0.026562500000000003 0.03515625
0 0.7000000000000001 0.064453125 0.021875000000000002 0.046875
0 0.66953125 0.0947265625 0.0328125 0.029296875
0 0.696875 0.130859375 0.03125 0.03125
0 0.3375 0.4609375 0.028125 0.02734375
0 0.23359375000000002 0.4404296875 0.0328125 0.037109375
0 0.18125000000000002 0.462890625 0.034375 0.03125
0 0.14609375 0.48046875 0.026562500000000003 0.02734375
0 0.16953125000000002 0.556640625 0.029687500000000002 0.0390625
0 0.06953125 0.5546875 0.026562500000000003 0.03515625
0 0.03359375 0.5576171875 0.029687500000000002 0.033203125
0 0.31484375000000003 0.5234375 0.045312500000000006 0.05078125
0 0.1265625 0.642578125 0.018750000000000003 0.03515625
0 0.06640625 0.6357421875 0.0421875 0.048828125
0 0.38984375000000004 0.6435546875 0.0328125 0.041015625
0 0.27578125000000003 0.6572265625 0.026562500000000003 0.033203125
0 0.23593750000000002 0.6982421875 0.028125 0.041015625
0 0.890625 0.1318359375 0.028125 0.041015625
0 0.8851562500000001 0.1943359375 0.026562500000000003 0.041015625
0 0.94921875 0.248046875 0.0234375 0.03515625
0 0.8812500000000001 0.2646484375 0.03125 0.048828125
0 0.45546875000000003 0.96484375 0.029687500000000002 0.03515625
