0 0.9851562500000001 0.1923828125 0.029687500000000002 0.044921875
0 0.60859375 0.3017578125 0.029687500000000002 0.064453125
0 0.42812500000000003 0.4091796875 0.021875000000000002 0.037109375
0 0.5125000000000001 0.4599609375 0.021875000000000002 0.037109375
0 0.36562500000000003 0.4140625 0.025 0.046875
0 0.4578125 0.4755859375 0.018750000000000003 0.041015625
0 0.325 0.4580078125 0.021875000000000002 0.033203125
0 0.5796875 0.5751953125 0.03125 0.029296875
0 0.36250000000000004 0.5791015625 0.03125 0.033203125
0 0.40078125000000003 0.6181640625 0.029687500000000002 0.041015625
0 0.64375 0.673828125 0.025 0.03515625
0 0.5 0.7099609375 0.025 0.029296875
0 0.43671875000000004 0.73046875 0.035937500000000004 0.05078125
0 0.61875 0.8037109375 0.037500000000000006 0.048828125
0 0.503125 0.79296875 0.028125 0.02734375
