0 0.60703125 0.359375 0.0203125 0.05859375
0 0.43671875000000004 0.396484375 0.029687500000000002 0.03125
0 0.584375 0.4521484375 0.028125 0.048828125
0 0.44921875 0.46484375 0.0171875 0.03515625
0 0.51875 0.4912109375 0.015625 0.041015625
0 0.54921875 0.4970703125 0.045312500000000006 0.044921875
0 0.47187500000000004 0.529296875 0.025 0.03515625
0 0.42890625000000004 0.5380859375 0.026562500000000003 0.025390625
0 0.6179687500000001 0.5986328125 0.045312500000000006 0.048828125
0 0.6765625000000001 0.7001953125 0.025 0.033203125
0 0.5320312500000001 0.7216796875 0.026562500000000003 0.029296875
0 0.47968750000000004 0.7197265625 0.028125 0.025390625
0 0.9539062500000001 0.2119140625 0.035937500000000004 0.064453125
0 0.99140625 0.220703125 0.0171875 0.03515625
0 0.9906250000000001 0.1787109375 0.018750000000000003 0.037109375
