0 0.6375000000000001 0.2900390625 0.025 0.033203125
0 0.8992187500000001 0.2802734375 0.0234375 0.044921875
0 0.6804687500000001 0.0732421875 0.0203125 0.044921875
0 0.67890625 0.1455078125 0.0234375 0.037109375
0 0.65390625 0.109375 0.029687500000000002 0.03515625
0 0.5945312500000001 0.373046875 0.0328125 0.0390625
0 0.55703125 0.0263671875 0.026562500000000003 0.048828125
0 0.48125 0.478515625 0.021875000000000002 0.0234375
0 0.43671875000000004 0.42578125 0.026562500000000003 0.03125
0 0.41875 0.4609375 0.034375 0.0390625
0 0.21953125 0.3544921875 0.026562500000000003 0.048828125
0 0.21640625000000002 0.4501953125 0.0203125 0.033203125
0 0.40234375 0.5849609375 0.0203125 0.033203125
0 0.215625 0.537109375 0.021875000000000002 0.03515625
0 0.39921875 0.6533203125 0.0234375 0.025390625
0 0.09531250000000001 0.513671875 0.025 0.0390625
0 0.07500000000000001 0.533203125 0.021875000000000002 0.03515625
0 0.22421875000000002 0.73046875 0.0328125 0.03515625
0 0.265625 0.76953125 0.025 0.02734375
0 0.2109375 0.763671875 0.03125 0.0390625
0 0.4734375 0.9423828125 0.043750000000000004 0.044921875
0 0.48515625 0.978515625 0.0484375 0.02734375
