0 0.40390625 0.3251953125 0.0234375 0.037109375
0 0.36328125 0.369140625 0.029687500000000002 0.06640625
0 0.35781250000000003 0.4404296875 0.025 0.037109375
0 0.3765625 0.45703125 0.034375 0.0546875
0 0.275 0.478515625 0.018750000000000003 0.046875
0 0.28359375000000003 0.498046875 0.0171875 0.0390625
0 0.9812500000000001 0.16015625 0.037500000000000006 0.03515625
0 0.34609375000000003 0.58984375 0.026562500000000003 0.0546875
0 0.37421875000000004 0.595703125 0.0328125 0.03515625
0 0.7828125 0.6962890625 0.03125 0.048828125
0 0.921875 0.5712890625 0.034375 0.033203125
0 0.9148437500000001 0.666015625 0.0203125 0.03125
0 0.8984375 0.83203125 0.034375 0.05078125
0 0.22578125000000002 0.662109375 0.026562500000000003 0.0234375
0 0.26328125 0.6875 0.026562500000000003 0.0390625
0 0.24296875 0.748046875 0.0328125 0.04296875
0 0.33125000000000004 0.740234375 0.021875000000000002 0.03125
0 0.28203125 0.767578125 0.029687500000000002 0.0390625
0 0.40156250000000004 0.85546875 0.03125 0.03515625
0 0.1703125 0.783203125 0.034375 0.05078125
0 0.1421875 0.8173828125 0.03125 0.029296875
0 0.3125 0.8486328125 0.025 0.044921875
0 0.2625 0.8203125 0.018750000000000003 0.04296875
0 0.23828125 0.8876953125 0.0328125 0.052734375
0 0.09062500000000001 0.9404296875 0.028125 0.037109375
0 0.171875 0.9716796875 0.021875000000000002 0.033203125
0 0.83203125 0.984375 0.0234375 0.02734375
0 0.9906250000000001 0.9892578125 0.015625 0.017578125
