0 0.6671875 0.4189453125 0.025 0.052734375
0 0.7046875 0.0205078125 0.028125 0.041015625
0 0.7039062500000001 0.0771484375 0.035937500000000004 0.052734375
0 0.8328125000000001 0.1484375 0.018750000000000003 0.0390625
0 0.8 0.171875 0.05 0.046875
0 0.821875 0.2177734375 0.028125 0.041015625
0 0.8 0.015625 0.021875000000000002 0.03125
0 0.696875 0.14453125 0.021875000000000002 0.03515625
0 0.68125 0.25390625 0.021875000000000002 0.0625
0 0.49843750000000003 0.4931640625 0.037500000000000006 0.033203125
0 0.35546875 0.4384765625 0.026562500000000003 0.033203125
0 0.26953125 0.4580078125 0.029687500000000002 0.037109375
0 0.18515625000000002 0.5107421875 0.0328125 0.041015625
0 0.40234375 0.541015625 0.0203125 0.03515625
0 0.18046875 0.5634765625 0.0234375 0.044921875
0 0.24765625000000002 0.5849609375 0.029687500000000002 0.044921875
0 0.45234375000000004 0.5859375 0.029687500000000002 0.01953125
0 0.40703125 0.58984375 0.026562500000000003 0.046875
0 0.4859375 0.6728515625 0.021875000000000002 0.037109375
0 0.35234375 0.7578125 0.026562500000000003 0.03515625
0 0.31171875000000004 0.7421875 0.026562500000000003 0.03125
0 0.5203125000000001 0.912109375 0.025 0.03515625
0 0.32734375000000004 0.763671875 0.0203125 0.03125
