0 0.34296875000000004 0.369140625 0.0203125 0.03125
0 0.56640625 0.40234375 0.026562500000000003 0.03125
0 0.5453125 0.4287109375 0.034375 0.048828125
0 0.40390625 0.462890625 0.0234375 0.0390625
0 0.44062500000000004 0.52734375 0.025 0.05078125
0 0.478125 0.513671875 0.05 0.05859375
0 0.58828125 0.591796875 0.0328125 0.03515625
0 0.65234375 0.6884765625 0.0234375 0.033203125
0 0.50703125 0.7216796875 0.029687500000000002 0.033203125
0 0.45546875000000003 0.720703125 0.0234375 0.02734375
0 0.8929687500000001 0.140625 0.051562500000000004 0.0703125
0 0.98046875 0.1708984375 0.0328125 0.029296875
