0 0.043750000000000004 0.7998046875 0.05625 0.060546875
0 0.50703125 0.7216796875 0.0234375 0.033203125
0 0.5476562500000001 0.728515625 0.0234375 0.02734375
0 0.40078125000000003 0.5390625 0.035937500000000004 0.05078125
0 0.48203125 0.54296875 0.0203125 0.0234375
0 0.45703125 0.5654296875 0.026562500000000003 0.033203125
0 0.4453125 0.595703125 0.034375 0.03125
0 0.56640625 0.4521484375 0.0234375 0.041015625
0 0.54921875 0.5029296875 0.029687500000000002 0.044921875
0 0.5398437500000001 0.5390625 0.0328125 0.05859375
0 0.6328125 0.603515625 0.043750000000000004 0.05078125
0 0.6953125 0.7021484375 0.028125 0.037109375
0 0.67890625 0.9658203125 0.0234375 0.052734375
