0 0.46953125 0.38671875 0.029687500000000002 0.0390625
0 0.52734375 0.451171875 0.029687500000000002 0.046875
0 0.6671875 0.5029296875 0.021875000000000002 0.041015625
0 0.0625 0.6591796875 0.025 0.041015625
0 0.67578125 0.560546875 0.0234375 0.03515625
0 0.7039062500000001 0.568359375 0.0203125 0.0390625
0 0.59296875 0.60546875 0.026562500000000003 0.0390625
0 0.50546875 0.6748046875 0.0390625 0.076171875
0 0.7585937500000001 0.6923828125 0.0328125 0.037109375
0 0.61875 0.7783203125 0.021875000000000002 0.029296875
0 0.65625 0.79296875 0.025 0.03515625
0 0.63203125 0.8515625 0.0390625 0.046875
0 0.79609375 0.828125 0.0421875 0.04296875
0 0.01171875 0.7119140625 0.0234375 0.048828125
0 0.05078125 0.7373046875 0.0234375 0.029296875
0 0.041406250000000006 0.7724609375 0.026562500000000003 0.033203125
0 0.09140625000000001 0.8994140625 0.026562500000000003 0.025390625
0 0.06328125 0.923828125 0.026562500000000003 0.03125
0 0.05234375 0.9541015625 0.0203125 0.021484375
0 0.010937500000000001 0.904296875 0.021875000000000002 0.02734375
0 0.07265625 0.9599609375 0.0203125 0.021484375
0 0.1328125 0.96484375 0.040625 0.03125
0 0.9578125000000001 0.435546875 0.034375 0.05078125
