0 0.59609375 0.3330078125 0.0421875 0.056640625
0 0.415625 0.3603515625 0.028125 0.033203125
0 0.9710937500000001 0.1357421875 0.0234375 0.037109375
0 0.9796875 0.0546875 0.037500000000000006 0.046875
0 0.9929687500000001 0.17578125 0.0140625 0.0234375
0 0.52265625 0.4775390625 0.0234375 0.048828125
0 0.34921875 0.4208984375 0.0234375 0.041015625
0 0.4265625 0.46875 0.03125 0.05078125
0 0.58125 0.58203125 0.037500000000000006 0.03515625
0 0.31093750000000003 0.419921875 0.028125 0.03125
0 0.38515625000000003 0.568359375 0.0171875 0.03125
0 0.64765625 0.681640625 0.026562500000000003 0.03515625
0 0.39375000000000004 0.6298828125 0.037500000000000006 0.044921875
0 0.503125 0.712890625 0.025 0.03125
0 0.37031250000000004 0.8095703125 0.03125 0.048828125
0 0.6273437500000001 0.8330078125 0.0203125 0.033203125
0 0.49843750000000003 0.8759765625 0.025 0.029296875
