0 0.30078125 0.2255859375 0.0140625 0.037109375
0 0.3453125 0.2587890625 0.009375000000000001 0.033203125
0 0.43593750000000003 0.21484375 0.0125 0.0390625
0 0.06171875 0.470703125 0.010937500000000001 0.0390625
0 0.07187500000000001 0.5400390625 0.015625 0.041015625
0 0.009375000000000001 0.5166015625 0.0125 0.041015625
0 0.76484375 0.951171875 0.0140625 0.04296875
0 0.9921875 0.8583984375 0.0125 0.048828125
0 0.925 0.7607421875 0.0125 0.041015625
0 0.8609375 0.626953125 0.0125 0.046875
0 0.8515625 0.5322265625 0.015625 0.048828125
0 0.75546875 0.498046875 0.0140625 0.04296875
0 0.65390625 0.4833984375 0.0140625 0.041015625
0 0.8 0.4287109375 0.0125 0.029296875
0 0.8953125000000001 0.4306640625 0.009375000000000001 0.037109375
0 0.81015625 0.314453125 0.010937500000000001 0.03515625
0 0.6703125000000001 0.287109375 0.0125 0.0390625
0 0.6531250000000001 0.201171875 0.0125 0.03125
0 0.6156250000000001 0.2041015625 0.0125 0.033203125
0 0.7312500000000001 0.056640625 0.0125 0.03515625
0 0.9500000000000001 0.3828125 0.018750000000000003 0.046875
