0 0.48984375 0.017578125 0.0203125 0.03125
0 0.421875 0.3388671875 0.037500000000000006 0.041015625
0 0.32109375 0.41796875 0.0328125 0.0390625
0 0.415625 0.4501953125 0.021875000000000002 0.041015625
0 0.43046875 0.484375 0.0203125 0.0390625
0 0.28046875 0.4970703125 0.0234375 0.052734375
0 0.30234375 0.50390625 0.0328125 0.05078125
0 0.37734375000000003 0.5888671875 0.0578125 0.029296875
0 0.37734375000000003 0.6103515625 0.035937500000000004 0.044921875
0 0.23750000000000002 0.68359375 0.025 0.03125
0 0.27265625 0.70703125 0.0203125 0.0390625
0 0.25390625 0.7705078125 0.0328125 0.048828125
0 0.18984375 0.7763671875 0.0390625 0.056640625
0 0.13593750000000002 0.85546875 0.034375 0.03125
0 0.29453125 0.7861328125 0.026562500000000003 0.037109375
0 0.34375 0.7607421875 0.025 0.029296875
0 0.28750000000000003 0.84375 0.015625 0.03515625
0 0.24921875000000002 0.91015625 0.029687500000000002 0.04296875
0 0.3984375 0.8681640625 0.025 0.037109375
0 0.29296875 0.953125 0.0328125 0.03515625
0 0.9765625 0.1611328125 0.025 0.041015625
0 0.9695312500000001 0.5 0.026562500000000003 0.0390625
0 0.9632812500000001 0.64453125 0.0171875 0.05078125
0 0.9015625 0.84765625 0.021875000000000002 0.04296875
0 0.7507812500000001 0.736328125 0.0234375 0.04296875
