0 0.253125 0.384765625 0.025 0.04296875
0 0.16718750000000002 0.478515625 0.028125 0.04296875
0 0.27890625 0.5263671875 0.026562500000000003 0.060546875
0 0.22890625 0.57421875 0.026562500000000003 0.0625
0 0.32109375 0.55859375 0.045312500000000006 0.0625
0 0.33203125 0.6103515625 0.0328125 0.052734375
0 0.15781250000000002 0.712890625 0.018750000000000003 0.03125
0 0.18671875000000002 0.7216796875 0.0234375 0.044921875
0 0.26484375 0.76171875 0.0171875 0.02734375
0 0.24296875 0.775390625 0.0234375 0.04296875
0 0.21015625000000002 0.794921875 0.0171875 0.02734375
0 0.22812500000000002 0.7978515625 0.0125 0.033203125
0 0.275 0.8251953125 0.018750000000000003 0.037109375
0 0.12812500000000002 0.8369140625 0.025 0.041015625
0 0.20234375000000002 0.87890625 0.0390625 0.04296875
0 0.10312500000000001 0.8916015625 0.028125 0.048828125
0 0.06875 0.880859375 0.021875000000000002 0.0390625
0 0.17265625 0.9375 0.0390625 0.046875
0 0.10390625 0.9814453125 0.026562500000000003 0.033203125
0 0.7195312500000001 0.67578125 0.029687500000000002 0.04296875
0 0.8421875000000001 0.671875 0.03125 0.04296875
0 0.9890625000000001 0.615234375 0.021875000000000002 0.03125
0 0.8703125 0.6962890625 0.03125 0.037109375
0 0.8578125000000001 0.7529296875 0.018750000000000003 0.025390625
0 0.9421875000000001 0.7939453125 0.034375 0.037109375
0 0.89453125 0.80078125 0.0328125 0.02734375
0 0.95234375 0.904296875 0.0171875 0.03515625
0 0.78671875 0.91015625 0.0234375 0.02734375
0 0.9390625 0.90234375 0.015625 0.0390625
0 0.81640625 0.943359375 0.026562500000000003 0.02734375
0 0.9304687500000001 0.9697265625 0.035937500000000004 0.052734375
