0 0.153125 0.423828125 0.034375 0.046875
0 0.33125000000000004 0.41796875 0.034375 0.0390625
0 0.22187500000000002 0.4736328125 0.025 0.044921875
0 0.31171875000000004 0.515625 0.035937500000000004 0.046875
0 0.2015625 0.517578125 0.034375 0.06640625
0 0.36875 0.55859375 0.03125 0.02734375
0 0.30781250000000004 0.6181640625 0.025 0.025390625
0 0.28671875 0.6005859375 0.0421875 0.052734375
0 0.19062500000000002 0.7021484375 0.028125 0.037109375
0 0.2109375 0.734375 0.028125 0.02734375
0 0.28984375 0.7724609375 0.029687500000000002 0.041015625
0 0.13984375000000002 0.806640625 0.045312500000000006 0.04296875
0 0.3171875 0.861328125 0.025 0.03125
0 0.19687500000000002 0.794921875 0.037500000000000006 0.0546875
0 0.24140625000000002 0.8056640625 0.029687500000000002 0.041015625
0 0.25078125 0.8662109375 0.035937500000000004 0.041015625
0 0.21171875 0.9375 0.035937500000000004 0.03125
0 0.10234375000000001 0.9208984375 0.035937500000000004 0.041015625
0 0.18671875000000002 0.984375 0.029687500000000002 0.02734375
0 0.89375 0.4892578125 0.03125 0.025390625
0 0.8718750000000001 0.595703125 0.03125 0.03515625
0 0.8835937500000001 0.6806640625 0.0421875 0.060546875
0 0.84375 0.771484375 0.037500000000000006 0.04296875
0 0.7875000000000001 0.7216796875 0.040625 0.033203125
0 0.7359375 0.8076171875 0.028125 0.048828125
0 0.94140625 0.7724609375 0.0328125 0.037109375
0 0.9906250000000001 0.703125 0.018750000000000003 0.03125
0 0.96484375 0.9384765625 0.029687500000000002 0.044921875
0 0.80625 0.9375 0.025 0.03125
0 0.8367187500000001 0.9716796875 0.0234375 0.033203125
0 0.95234375 0.990234375 0.026562500000000003 0.015625
