0 0.1015625 0.1962890625 0.021875000000000002 0.041015625
0 0.28750000000000003 0.2412109375 0.0125 0.033203125
0 0.3375 0.18359375 0.015625 0.0390625
0 0.05859375 0.533203125 0.0140625 0.0390625
0 0.041406250000000006 0.564453125 0.0171875 0.0390625
0 0.08281250000000001 0.59375 0.0125 0.04296875
0 0.8054687500000001 0.9208984375 0.0140625 0.037109375
0 0.9031250000000001 0.71484375 0.0125 0.0390625
0 0.8773437500000001 0.6806640625 0.0171875 0.044921875
0 0.80078125 0.435546875 0.010937500000000001 0.03125
0 0.89375 0.4296875 0.0125 0.0390625
0 0.9281250000000001 0.4306640625 0.021875000000000002 0.041015625
0 0.7859375000000001 0.4248046875 0.009375000000000001 0.033203125
0 0.775 0.4384765625 0.0125 0.033203125
0 0.8601562500000001 0.37890625 0.0140625 0.0390625
0 0.7289062500000001 0.4228515625 0.0140625 0.037109375
0 0.6937500000000001 0.39453125 0.0125 0.03515625
0 0.5390625 0.345703125 0.0125 0.03515625
0 0.6156250000000001 0.197265625 0.0125 0.0390625
0 0.64765625 0.1630859375 0.010937500000000001 0.037109375
0 0.70078125 0.0224609375 0.0140625 0.033203125
