0 0.5398437500000001 0.3330078125 0.026562500000000003 0.041015625
0 0.9609375 0.1484375 0.05625 0.05078125
0 0.48750000000000004 0.4140625 0.046875 0.05859375
0 0.58203125 0.587890625 0.045312500000000006 0.0546875
0 0.45 0.5107421875 0.028125 0.041015625
0 0.44609375 0.5478515625 0.0234375 0.033203125
0 0.2984375 0.513671875 0.028125 0.04296875
0 0.37890625 0.5966796875 0.0234375 0.033203125
0 0.26406250000000003 0.6455078125 0.03125 0.041015625
0 0.6484375 0.6845703125 0.025 0.037109375
0 0.5015625 0.716796875 0.025 0.03125
0 0.46171875 0.71484375 0.0234375 0.03125
0 0.99375 0.181640625 0.0125 0.0234375
0 0.9945312500000001 0.66796875 0.0078125 0.03125
