0 0.65234375 0.373046875 0.0234375 0.03125
0 0.54296875 0.4091796875 0.0203125 0.048828125
0 0.56875 0.4404296875 0.028125 0.052734375
0 0.43828125 0.580078125 0.0234375 0.0546875
0 0.05859375 0.75390625 0.035937500000000004 0.0390625
0 0.0054687500000000005 0.630859375 0.010937500000000001 0.0390625
0 0.6273437500000001 0.4833984375 0.026562500000000003 0.056640625
0 0.03828125 0.8330078125 0.026562500000000003 0.033203125
0 0.065625 0.896484375 0.028125 0.03125
0 0.10312500000000001 0.95703125 0.046875 0.03515625
0 0.03515625 0.958984375 0.029687500000000002 0.03515625
0 0.5359375000000001 0.5888671875 0.03125 0.037109375
0 0.4703125 0.86328125 0.028125 0.03125
0 0.7312500000000001 0.6708984375 0.03125 0.037109375
0 0.96640625 0.478515625 0.026562500000000003 0.0390625
0 0.64609375 0.5693359375 0.0390625 0.048828125
0 0.7820312500000001 0.79296875 0.0390625 0.05078125
0 0.5945312500000001 0.7578125 0.0203125 0.03515625
0 0.6328125 0.7724609375 0.028125 0.037109375
