0 0.55078125 0.33984375 0.0328125 0.03125
0 0.50703125 0.4140625 0.029687500000000002 0.03125
0 0.34375 0.431640625 0.018750000000000003 0.03515625
0 0.46406250000000004 0.4970703125 0.040625 0.052734375
0 0.42500000000000004 0.5400390625 0.028125 0.041015625
0 0.32265625000000003 0.52734375 0.0390625 0.0546875
0 0.33203125 0.60546875 0.026562500000000003 0.03515625
0 0.58046875 0.576171875 0.035937500000000004 0.03125
0 0.64453125 0.6728515625 0.026562500000000003 0.037109375
0 0.5 0.70703125 0.025 0.02734375
0 0.45937500000000003 0.701171875 0.021875000000000002 0.02734375
0 0.9867187500000001 0.232421875 0.0234375 0.0390625
0 0.6117187500000001 0.80859375 0.035937500000000004 0.03125
0 0.6218750000000001 0.8525390625 0.025 0.052734375
