0 0.5828125000000001 0.5810546875 0.046875 0.052734375
0 0.29140625000000003 0.3017578125 0.026562500000000003 0.033203125
0 0.54921875 0.4560546875 0.029687500000000002 0.044921875
0 0.51171875 0.4501953125 0.029687500000000002 0.037109375
0 0.42500000000000004 0.373046875 0.018750000000000003 0.0390625
0 0.40625 0.3427734375 0.03125 0.037109375
0 0.321875 0.4091796875 0.03125 0.044921875
0 0.4078125 0.5625 0.021875000000000002 0.03125
0 0.42578125 0.5322265625 0.029687500000000002 0.037109375
0 0.6468750000000001 0.677734375 0.028125 0.03515625
0 0.5007812500000001 0.7138671875 0.026562500000000003 0.033203125
0 0.375 0.748046875 0.025 0.0390625
0 0.6273437500000001 0.93359375 0.0203125 0.03515625
0 0.9609375 0.025390625 0.025 0.03515625
