0 0.2234375 0.404296875 0.021875000000000002 0.0390625
0 0.12109375 0.5146484375 0.026562500000000003 0.041015625
0 0.22265625 0.5126953125 0.0328125 0.033203125
0 0.29140625000000003 0.578125 0.035937500000000004 0.04296875
0 0.17734375000000002 0.599609375 0.035937500000000004 0.04296875
0 0.2234375 0.548828125 0.028125 0.03125
0 0.23671875 0.578125 0.026562500000000003 0.03515625
0 0.12265625000000001 0.73828125 0.026562500000000003 0.03125
0 0.15078125 0.7451171875 0.026562500000000003 0.029296875
0 0.23125 0.7763671875 0.018750000000000003 0.025390625
0 0.20859375000000002 0.783203125 0.0390625 0.05078125
0 0.18671875000000002 0.814453125 0.0421875 0.05078125
0 0.22890625 0.8271484375 0.029687500000000002 0.033203125
0 0.10703125000000001 0.8349609375 0.026562500000000003 0.029296875
0 0.184375 0.93359375 0.043750000000000004 0.046875
0 0.15078125 0.95703125 0.0234375 0.03515625
0 0.049218750000000006 0.890625 0.0328125 0.046875
0 0.06875 0.9267578125 0.028125 0.044921875
0 0.67734375 0.6484375 0.0390625 0.05078125
0 0.9265625000000001 0.552734375 0.03125 0.03515625
0 0.80078125 0.63671875 0.026562500000000003 0.03125
0 0.83203125 0.6572265625 0.045312500000000006 0.068359375
0 0.8921875 0.7216796875 0.021875000000000002 0.037109375
0 0.815625 0.7236328125 0.021875000000000002 0.033203125
0 0.8578125000000001 0.74609375 0.043750000000000004 0.05859375
0 0.91796875 0.857421875 0.0328125 0.04296875
0 0.9070312500000001 0.923828125 0.0421875 0.05859375
0 0.7601562500000001 0.876953125 0.029687500000000002 0.0390625
0 0.79453125 0.9091796875 0.0234375 0.029296875
