0 0.96484375 0.193359375 0.0328125 0.0546875
0 0.9765625 0.052734375 0.03125 0.05859375
0 0.92109375 0.193359375 0.0234375 0.0546875
0 0.58125 0.390625 0.037500000000000006 0.04296875
0 0.565625 0.4208984375 0.021875000000000002 0.041015625
0 0.38359375 0.390625 0.0203125 0.03125
0 0.40937500000000004 0.4677734375 0.021875000000000002 0.029296875
0 0.50625 0.501953125 0.025 0.02734375
0 0.49921875000000004 0.525390625 0.029687500000000002 0.02734375
0 0.434375 0.5400390625 0.015625 0.037109375
0 0.45390625 0.548828125 0.026562500000000003 0.046875
0 0.5984375000000001 0.595703125 0.046875 0.05078125
0 0.659375 0.6923828125 0.025 0.033203125
0 0.515625 0.72265625 0.025 0.03125
0 0.46484375 0.7236328125 0.0234375 0.029296875
