0 0.13203125000000002 0.1220703125 0.0171875 0.033203125
0 0.31640625 0.4365234375 0.0171875 0.037109375
0 0.30859375 0.498046875 0.0140625 0.0390625
0 0.2703125 0.474609375 0.0125 0.0390625
0 0.9398437500000001 0.587890625 0.0171875 0.04296875
0 0.99609375 0.98046875 0.0078125 0.03125
0 0.9460937500000001 0.361328125 0.010937500000000001 0.03515625
0 0.90546875 0.2451171875 0.0140625 0.037109375
0 0.8859375 0.26171875 0.0125 0.0390625
0 0.7234375000000001 0.2431640625 0.015625 0.037109375
0 0.62890625 0.263671875 0.010937500000000001 0.03515625
0 0.6109375 0.275390625 0.0125 0.03515625
