0 0.42109375000000004 0.361328125 0.026562500000000003 0.046875
0 0.25703125 0.427734375 0.026562500000000003 0.05078125
0 0.26328125 0.5009765625 0.0328125 0.060546875
0 0.29375 0.4912109375 0.034375 0.048828125
0 0.4609375 0.0107421875 0.021875000000000002 0.021484375
0 0.40546875000000004 0.4873046875 0.035937500000000004 0.041015625
0 0.42031250000000003 0.5263671875 0.025 0.033203125
0 0.36796875 0.5908203125 0.045312500000000006 0.033203125
0 0.36250000000000004 0.6142578125 0.028125 0.021484375
0 0.18359375 0.7822265625 0.035937500000000004 0.048828125
0 0.3765625 0.869140625 0.018750000000000003 0.03515625
0 0.24296875 0.7744140625 0.029687500000000002 0.048828125
0 0.33437500000000003 0.7626953125 0.018750000000000003 0.029296875
0 0.26406250000000003 0.7197265625 0.025 0.037109375
0 0.28515625 0.7900390625 0.0328125 0.037109375
0 0.28515625 0.853515625 0.0203125 0.03125
0 0.1265625 0.8828125 0.037500000000000006 0.05078125
0 0.240625 0.892578125 0.018750000000000003 0.02734375
0 0.24375000000000002 0.9208984375 0.025 0.033203125
0 0.25078125 0.9765625 0.0390625 0.0390625
0 0.9617187500000001 0.5068359375 0.029687500000000002 0.033203125
0 0.95078125 0.6357421875 0.0421875 0.052734375
0 0.7359375 0.78125 0.034375 0.0234375
0 0.9578125000000001 0.751953125 0.028125 0.03125
0 0.8835937500000001 0.833984375 0.0234375 0.03515625
0 0.9890625000000001 0.8291015625 0.021875000000000002 0.037109375
0 0.8390625 0.9853515625 0.028125 0.025390625
