0 0.6937500000000001 0.0205078125 0.037500000000000006 0.033203125
0 0.7718750000000001 0.041015625 0.043750000000000004 0.05859375
0 0.84140625 0.1552734375 0.0203125 0.044921875
0 0.7125 0.0859375 0.034375 0.046875
0 0.6976562500000001 0.1826171875 0.0328125 0.041015625
0 0.8078125 0.1845703125 0.05 0.037109375
0 0.8328125000000001 0.2265625 0.034375 0.03515625
0 0.6953125 0.2451171875 0.025 0.041015625
0 0.72265625 0.408203125 0.0234375 0.04296875
0 0.33515625000000004 0.42578125 0.026562500000000003 0.03515625
0 0.24765625000000002 0.455078125 0.026562500000000003 0.03125
0 0.209375 0.5234375 0.05625 0.0703125
0 0.4609375 0.505859375 0.03125 0.03515625
0 0.49296875 0.6796875 0.0234375 0.02734375
0 0.25234375000000003 0.61328125 0.029687500000000002 0.03125
0 0.41250000000000003 0.5673828125 0.025 0.044921875
0 0.38046875 0.58984375 0.029687500000000002 0.03515625
0 0.4265625 0.619140625 0.034375 0.0390625
0 0.36015625 0.763671875 0.026562500000000003 0.03515625
0 0.3125 0.7744140625 0.025 0.029296875
0 0.496875 0.890625 0.028125 0.0390625
