0 0.33203125 0.5478515625 0.0234375 0.041015625
0 0.9203125000000001 0.087890625 0.025 0.0234375
0 0.94453125 0.0986328125 0.026562500000000003 0.025390625
0 0.9421875000000001 0.126953125 0.034375 0.01953125
0 0.9750000000000001 0.53515625 0.034375 0.05859375
0 0.55703125 0.591796875 0.035937500000000004 0.03515625
0 0.62890625 0.677734375 0.0234375 0.03125
0 0.6507812500000001 0.97265625 0.026562500000000003 0.03515625
0 0.38906250000000003 0.5595703125 0.025 0.029296875
0 0.4375 0.4970703125 0.021875000000000002 0.025390625
0 0.41250000000000003 0.529296875 0.034375 0.03515625
0 0.44843750000000004 0.5205078125 0.021875000000000002 0.021484375
0 0.4453125 0.5419921875 0.021875000000000002 0.021484375
0 0.353125 0.6708984375 0.025 0.041015625
0 0.44296875 0.7255859375 0.0203125 0.029296875
0 0.484375 0.7294921875 0.021875000000000002 0.029296875
0 0.37812500000000004 0.73828125 0.034375 0.05859375
