0 0.21406250000000002 0.55078125 0.025 0.0390625
0 0.17734375000000002 0.0107421875 0.0328125 0.021484375
0 0.184375 0.6748046875 0.03125 0.033203125
0 0.02734375 0.5673828125 0.035937500000000004 0.044921875
0 0.06640625 0.6181640625 0.0234375 0.033203125
0 0.08984375 0.666015625 0.029687500000000002 0.05859375
0 0.06015625 0.6708984375 0.0390625 0.052734375
0 0.08750000000000001 0.80078125 0.018750000000000003 0.03125
0 0.125 0.810546875 0.025 0.0390625
0 0.06640625 0.9091796875 0.0421875 0.033203125
0 0.20625000000000002 0.8349609375 0.025 0.033203125
0 0.11953125 0.87890625 0.029687500000000002 0.0625
0 0.16484375 0.8818359375 0.029687500000000002 0.041015625
0 0.7250000000000001 0.451171875 0.025 0.05078125
0 0.7250000000000001 0.595703125 0.018750000000000003 0.04296875
0 0.6726562500000001 0.6865234375 0.035937500000000004 0.033203125
0 0.8132812500000001 0.533203125 0.0234375 0.03515625
0 0.8421875000000001 0.5517578125 0.018750000000000003 0.033203125
0 0.79453125 0.59765625 0.029687500000000002 0.0546875
0 0.82578125 0.65625 0.029687500000000002 0.05859375
0 0.8914062500000001 0.806640625 0.026562500000000003 0.046875
0 0.7406250000000001 0.8515625 0.025 0.02734375
0 0.75546875 0.8720703125 0.0171875 0.021484375
0 0.8210937500000001 0.89453125 0.029687500000000002 0.0390625
0 0.83359375 0.9248046875 0.029687500000000002 0.037109375
