0 0.38515625000000003 0.3017578125 0.029687500000000002 0.044921875
0 0.36796875 0.35546875 0.035937500000000004 0.05078125
0 0.4421875 0.46484375 0.034375 0.03515625
0 0.4625 0.4423828125 0.028125 0.029296875
0 0.3046875 0.4140625 0.034375 0.046875
0 0.32734375000000004 0.4453125 0.0234375 0.05078125
0 0.28046875 0.4912109375 0.026562500000000003 0.056640625
0 0.21406250000000002 0.6572265625 0.034375 0.041015625
0 0.25546875 0.6826171875 0.029687500000000002 0.041015625
0 0.32890625 0.73828125 0.026562500000000003 0.03515625
0 0.21875 0.7509765625 0.025 0.033203125
0 0.27968750000000003 0.763671875 0.028125 0.03515625
0 0.31562500000000004 0.806640625 0.021875000000000002 0.0390625
0 0.22812500000000002 0.798828125 0.025 0.02734375
0 0.1390625 0.8115234375 0.018750000000000003 0.041015625
0 0.16015625 0.818359375 0.0234375 0.0390625
0 0.39765625000000004 0.8466796875 0.035937500000000004 0.044921875
0 0.21875 0.890625 0.037500000000000006 0.05078125
0 0.10703125000000001 0.8974609375 0.0234375 0.041015625
0 0.1703125 0.94921875 0.034375 0.03125
0 0.9125000000000001 0.75 0.034375 0.04296875
0 0.875 0.77734375 0.034375 0.05078125
0 0.92109375 0.8388671875 0.0234375 0.029296875
0 0.828125 0.9794921875 0.025 0.037109375
0 0.9828125000000001 0.869140625 0.021875000000000002 0.0390625
0 0.98984375 0.98828125 0.0203125 0.01953125
