0 0.30859375 0.7275390625 0.0203125 0.033203125
0 0.30390625000000004 0.751953125 0.0234375 0.0390625
0 0.33671875 0.75390625 0.026562500000000003 0.03125
0 0.13515625 0.498046875 0.026562500000000003 0.03125
0 0.26953125 0.451171875 0.0203125 0.03125
0 0.13984375000000002 0.59765625 0.035937500000000004 0.0546875
0 0.23984375000000002 0.56640625 0.0234375 0.0390625
0 0.37109375 0.4501953125 0.029687500000000002 0.041015625
0 0.37343750000000003 0.5048828125 0.025 0.037109375
0 0.44843750000000004 0.5517578125 0.028125 0.037109375
0 0.51875 0.4794921875 0.025 0.037109375
0 0.415625 0.552734375 0.028125 0.03125
0 0.46718750000000003 0.662109375 0.021875000000000002 0.0390625
0 0.609375 0.4345703125 0.028125 0.041015625
0 0.53125 0.935546875 0.025 0.03515625
0 0.64765625 0.1865234375 0.0234375 0.044921875
0 0.67578125 0.1005859375 0.026562500000000003 0.037109375
0 0.68671875 0.048828125 0.0234375 0.0390625
0 0.6828125 0.0078125 0.015625 0.015625
0 0.7984375 0.123046875 0.021875000000000002 0.0390625
0 0.759375 0.1552734375 0.046875 0.041015625
0 0.7914062500000001 0.1943359375 0.029687500000000002 0.037109375
0 0.9695312500000001 0.16015625 0.029687500000000002 0.046875
