0 0.20703125 0.20703125 0.0140625 0.0390625
0 0.3171875 0.2490234375 0.0125 0.033203125
0 0.38828125 0.1962890625 0.0140625 0.037109375
0 0.055468750000000004 0.50390625 0.0171875 0.0390625
0 0.07578125000000001 0.5703125 0.0140625 0.0390625
0 0.0203125 0.546875 0.015625 0.0390625
0 0.7875000000000001 0.5126953125 0.015625 0.044921875
0 0.8148437500000001 0.4736328125 0.0203125 0.044921875
0 0.8046875 0.435546875 0.009375000000000001 0.03125
0 0.8968750000000001 0.43359375 0.0125 0.0390625
0 0.8406250000000001 0.3466796875 0.015625 0.037109375
0 0.72265625 0.4462890625 0.0140625 0.041015625
0 0.6023437500000001 0.4091796875 0.010937500000000001 0.037109375
0 0.640625 0.236328125 0.009375000000000001 0.0390625
0 0.6546875000000001 0.1806640625 0.0125 0.033203125
0 0.58125 0.1689453125 0.0125 0.029296875
0 0.7132812500000001 0.0390625 0.0140625 0.03515625
0 0.8953125000000001 0.7216796875 0.018750000000000003 0.044921875
0 0.9476562500000001 0.7861328125 0.0140625 0.044921875
0 0.78671875 0.9375 0.0171875 0.046875
0 0.9304687500000001 0.4111328125 0.026562500000000003 0.044921875
