0 0.47187500000000004 0.0205078125 0.021875000000000002 0.041015625
0 0.37578125 0.01953125 0.0203125 0.0390625
0 0.6734375 0.0458984375 0.018750000000000003 0.033203125
0 0.67109375 0.1181640625 0.029687500000000002 0.037109375
0 0.64453125 0.07421875 0.0328125 0.04296875
0 0.1875 0.3056640625 0.018750000000000003 0.037109375
0 0.5476562500000001 0.3154296875 0.0203125 0.037109375
0 0.7781250000000001 0.3173828125 0.03125 0.033203125
0 0.17109375000000002 0.4521484375 0.026562500000000003 0.033203125
0 0.28750000000000003 0.46875 0.025 0.0390625
0 0.61484375 0.3837890625 0.0234375 0.037109375
0 0.54609375 0.3740234375 0.029687500000000002 0.033203125
0 0.40625 0.5400390625 0.021875000000000002 0.033203125
0 0.38906250000000003 0.6220703125 0.03125 0.033203125
0 0.14921875 0.5390625 0.029687500000000002 0.03125
0 0.11015625000000001 0.595703125 0.026562500000000003 0.0390625
0 0.2703125 0.65625 0.03125 0.0390625
0 0.21796875000000002 0.65625 0.0234375 0.03515625
0 0.19296875000000002 0.6904296875 0.0328125 0.041015625
0 0.18359375 0.7529296875 0.0484375 0.044921875
0 0.384375 0.8818359375 0.043750000000000004 0.033203125
0 0.384375 0.916015625 0.053125000000000006 0.07421875
