0 0.45390625 0.2412109375 0.026562500000000003 0.048828125
0 0.6585937500000001 0.3505859375 0.029687500000000002 0.029296875
0 0.6468750000000001 0.4072265625 0.021875000000000002 0.048828125
0 0.096875 0.736328125 0.043750000000000004 0.04296875
0 0.5281250000000001 0.4345703125 0.021875000000000002 0.037109375
0 0.5046875000000001 0.416015625 0.03125 0.046875
0 0.5140625 0.5205078125 0.028125 0.021484375
0 0.60078125 0.5263671875 0.0390625 0.048828125
0 0.31328125 0.8818359375 0.0390625 0.029296875
0 0.71875 0.65234375 0.037500000000000006 0.03515625
0 0.7703125000000001 0.7578125 0.040625 0.05078125
0 0.61875 0.7578125 0.028125 0.03125
0 0.58203125 0.7431640625 0.0203125 0.033203125
0 0.11093750000000001 0.951171875 0.043750000000000004 0.0390625
0 0.02109375 0.8974609375 0.0421875 0.044921875
0 0.025781250000000002 0.953125 0.0328125 0.0390625
0 0.0078125 0.86328125 0.015625 0.02734375
