0 0.8914062500000001 0.234375 0.0171875 0.02734375
0 0.9164062500000001 0.3798828125 0.0234375 0.033203125
0 0.8984375 0.4560546875 0.034375 0.060546875
0 0.8796875000000001 0.44921875 0.018750000000000003 0.046875
0 0.86640625 0.482421875 0.0234375 0.04296875
0 0.1859375 0.544921875 0.028125 0.0390625
0 0.15000000000000002 0.548828125 0.025 0.02734375
0 0.12578125 0.5400390625 0.026562500000000003 0.033203125
0 0.115625 0.591796875 0.021875000000000002 0.04296875
0 0.11484375000000001 0.640625 0.0234375 0.03515625
