0 0.82734375 0.2421875 0.029687500000000002 0.0390625
0 0.9906250000000001 0.2841796875 0.015625 0.041015625
0 0.8484375000000001 0.29296875 0.034375 0.0546875
0 0.9203125000000001 0.3759765625 0.040625 0.044921875
0 0.7765625 0.384765625 0.025 0.04296875
0 0.8304687500000001 0.4013671875 0.0234375 0.033203125
0 0.0625 0.44140625 0.046875 0.0625
0 0.10625000000000001 0.478515625 0.040625 0.05078125
0 0.0765625 0.490234375 0.028125 0.0390625
0 0.0328125 0.49609375 0.040625 0.0546875
0 0.0546875 0.537109375 0.043750000000000004 0.05859375
