0 0.6804687500000001 0.0810546875 0.029687500000000002 0.048828125
0 0.6703125000000001 0.1806640625 0.018750000000000003 0.041015625
0 0.74375 0.1025390625 0.028125 0.052734375
0 0.73984375 0.15234375 0.0203125 0.046875
0 0.7203125 0.162109375 0.0125 0.05078125
0 0.7093750000000001 0.1650390625 0.0125 0.048828125
0 0.45859375 0.5751953125 0.0234375 0.056640625
0 0.48515625 0.6953125 0.0484375 0.06640625
0 0.7406250000000001 0.6708984375 0.025 0.048828125
0 0.73828125 0.7158203125 0.0234375 0.041015625
0 0.80234375 0.7919921875 0.0203125 0.041015625
0 0.77734375 0.7197265625 0.026562500000000003 0.056640625
0 0.79296875 0.724609375 0.029687500000000002 0.0703125
