0 0.44843750000000004 0.3544921875 0.028125 0.060546875
0 0.54296875 0.3486328125 0.0203125 0.044921875
0 0.8046875 0.4521484375 0.015625 0.044921875
0 0.7156250000000001 0.009765625 0.028125 0.01953125
0 0.65234375 0.0087890625 0.0140625 0.017578125
0 0.76484375 0.5087890625 0.0203125 0.044921875
0 0.67578125 0.5068359375 0.029687500000000002 0.048828125
0 0.6351562500000001 0.51953125 0.045312500000000006 0.03515625
0 0.603125 0.453125 0.015625 0.02734375
0 0.6921875000000001 0.595703125 0.034375 0.046875
0 0.8203125 0.5126953125 0.037500000000000006 0.060546875
