0 0.7820312500000001 0.7783203125 0.0203125 0.044921875
0 0.584375 0.62890625 0.025 0.046875
0 0.7523437500000001 0.6162109375 0.0203125 0.037109375
0 0.74921875 0.7177734375 0.0203125 0.052734375
0 0.7109375 0.640625 0.025 0.05078125
0 0.7117187500000001 0.7158203125 0.0234375 0.048828125
0 0.7117187500000001 0.767578125 0.0234375 0.046875
0 0.58984375 0.1513671875 0.0328125 0.056640625
0 0.6179687500000001 0.1640625 0.0171875 0.04296875
0 0.70859375 0.185546875 0.0171875 0.046875
0 0.6875 0.1689453125 0.018750000000000003 0.044921875
0 0.6796875 0.21484375 0.018750000000000003 0.03515625
0 0.6875 0.2626953125 0.021875000000000002 0.056640625
0 0.66953125 0.2744140625 0.0203125 0.044921875
