0 0.09531250000000001 0.8447265625 0.018750000000000003 0.044921875
0 0.8562500000000001 0.650390625 0.0125 0.04296875
0 0.8390625 0.6474609375 0.018750000000000003 0.033203125
0 0.65625 0.5615234375 0.0125 0.037109375
0 0.6273437500000001 0.615234375 0.0171875 0.03515625
0 0.6125 0.556640625 0.018750000000000003 0.03515625
0 0.6000000000000001 0.5908203125 0.015625 0.037109375
0 0.58125 0.5546875 0.018750000000000003 0.03125
0 0.603125 0.36328125 0.0125 0.03515625
0 0.58359375 0.376953125 0.0171875 0.0390625
0 0.59375 0.359375 0.0125 0.03125
0 0.56015625 0.38671875 0.0140625 0.0390625
0 0.55859375 0.3564453125 0.0203125 0.037109375
0 0.8812500000000001 0.0205078125 0.009375000000000001 0.029296875
0 0.884375 0.0458984375 0.015625 0.033203125
0 0.8671875 0.0478515625 0.0125 0.033203125
0 0.853125 0.052734375 0.0125 0.03125
0 0.84140625 0.03125 0.010937500000000001 0.03515625
0 0.81171875 0.02734375 0.0140625 0.03515625
0 0.79453125 0.009765625 0.0140625 0.01953125
0 0.7765625 0.01953125 0.0125 0.03125
0 0.76875 0.0390625 0.015625 0.03515625
