0 0.43515625 0.3759765625 0.0203125 0.037109375
0 0.6882812500000001 0.0380859375 0.0171875 0.041015625
0 0.703125 0.033203125 0.018750000000000003 0.0390625
0 0.70625 0.0068359375 0.028125 0.013671875
0 0.61328125 0.4384765625 0.0234375 0.025390625
0 0.6015625 0.4697265625 0.018750000000000003 0.029296875
0 0.6898437500000001 0.52734375 0.026562500000000003 0.046875
0 0.7054687500000001 0.54296875 0.0234375 0.04296875
0 0.7523437500000001 0.505859375 0.0234375 0.046875
0 0.7734375 0.5009765625 0.018750000000000003 0.044921875
0 0.7992187500000001 0.529296875 0.0203125 0.04296875
0 0.88203125 0.5634765625 0.0234375 0.044921875
