0 0.4859375 0.1982421875 0.018750000000000003 0.041015625
0 0.46640625 0.24609375 0.0171875 0.04296875
0 0.50390625 0.2197265625 0.010937500000000001 0.033203125
0 0.49062500000000003 0.2333984375 0.015625 0.037109375
0 0.52734375 0.2216796875 0.0140625 0.037109375
0 0.5437500000000001 0.248046875 0.015625 0.04296875
0 0.5242187500000001 0.2685546875 0.0171875 0.037109375
0 0.5125000000000001 0.2587890625 0.0125 0.037109375
0 0.42421875000000003 0.5322265625 0.0234375 0.025390625
0 0.55859375 0.5263671875 0.0171875 0.048828125
0 0.5203125000000001 0.541015625 0.0125 0.0390625
0 0.515625 0.5810546875 0.018750000000000003 0.037109375
0 0.5281250000000001 0.6123046875 0.018750000000000003 0.044921875
0 0.465625 0.580078125 0.018750000000000003 0.03515625
0 0.371875 0.6865234375 0.021875000000000002 0.041015625
0 0.853125 0.6357421875 0.018750000000000003 0.033203125
0 0.875 0.6611328125 0.018750000000000003 0.044921875
