0 0.74140625 0.626953125 0.0203125 0.05078125
0 0.70625 0.51171875 0.021875000000000002 0.046875
0 0.6843750000000001 0.5654296875 0.015625 0.041015625
0 0.66796875 0.5029296875 0.0140625 0.041015625
0 0.6570312500000001 0.53125 0.0203125 0.03515625
0 0.6515625 0.4990234375 0.015625 0.037109375
0 0.571875 0.4990234375 0.028125 0.044921875
0 0.6023437500000001 0.091796875 0.0203125 0.046875
0 0.64375 0.0947265625 0.015625 0.044921875
0 0.6570312500000001 0.123046875 0.0171875 0.046875
0 0.67734375 0.1220703125 0.0140625 0.044921875
0 0.690625 0.1396484375 0.0125 0.041015625
0 0.7265625 0.126953125 0.018750000000000003 0.04296875
0 0.70625 0.09765625 0.015625 0.04296875
0 0.7203125 0.0986328125 0.0125 0.029296875
