0 0.7171875000000001 0.0546875 0.025 0.046875
0 0.69921875 0.138671875 0.026562500000000003 0.04296875
0 0.4625 0.333984375 0.021875000000000002 0.03515625
0 0.40625 0.5419921875 0.028125 0.037109375
0 0.40625 0.71484375 0.021875000000000002 0.02734375
0 0.6890625 0.62890625 0.028125 0.03515625
0 0.76171875 0.6337890625 0.026562500000000003 0.037109375
0 0.6351562500000001 0.732421875 0.035937500000000004 0.03515625
0 0.6921875000000001 0.7890625 0.025 0.0390625
0 0.6140625000000001 0.828125 0.03125 0.04296875
