0 0.78828125 0.0517578125 0.029687500000000002 0.048828125
0 0.6804687500000001 0.107421875 0.0203125 0.04296875
0 0.571875 0.1826171875 0.021875000000000002 0.037109375
0 0.54921875 0.1982421875 0.0234375 0.041015625
0 0.6648437500000001 0.2041015625 0.0140625 0.041015625
0 0.6726562500000001 0.2626953125 0.0203125 0.041015625
0 0.628125 0.294921875 0.021875000000000002 0.04296875
0 0.690625 0.4033203125 0.018750000000000003 0.037109375
0 0.48515625 0.75390625 0.0203125 0.03515625
0 0.6882812500000001 0.818359375 0.035937500000000004 0.046875
0 0.6796875 0.8427734375 0.021875000000000002 0.029296875
0 0.6515625 0.880859375 0.03125 0.03125
0 0.6898437500000001 0.921875 0.0234375 0.03515625
0 0.73984375 0.8857421875 0.0171875 0.037109375
0 0.8406250000000001 0.869140625 0.021875000000000002 0.0390625
