0 0.7250000000000001 0.6083984375 0.021875000000000002 0.037109375
0 0.6898437500000001 0.583984375 0.0203125 0.04296875
0 0.6687500000000001 0.587890625 0.015625 0.0390625
0 0.6609375000000001 0.6259765625 0.018750000000000003 0.044921875
0 0.553125 0.5703125 0.015625 0.02734375
0 0.6117187500000001 0.6181640625 0.0171875 0.025390625
0 0.6125 0.640625 0.015625 0.01953125
0 0.61328125 0.6640625 0.0140625 0.03125
0 0.5859375 0.29296875 0.015625 0.0390625
0 0.62265625 0.2978515625 0.0171875 0.029296875
0 0.62265625 0.3232421875 0.0171875 0.037109375
0 0.6640625 0.3232421875 0.018750000000000003 0.037109375
0 0.6765625000000001 0.28515625 0.015625 0.02734375
0 0.65625 0.2822265625 0.025 0.029296875
