0 0.6062500000000001 0.0439453125 0.025 0.041015625
0 0.58125 0.0302734375 0.021875000000000002 0.041015625
0 0.5921875 0.099609375 0.021875000000000002 0.04296875
0 0.59765625 0.15234375 0.026562500000000003 0.0390625
0 0.43984375000000003 0.59765625 0.0203125 0.03515625
0 0.503125 0.65234375 0.03125 0.03515625
0 0.64375 0.7333984375 0.025 0.048828125
0 0.6984375 0.712890625 0.021875000000000002 0.04296875
0 0.72578125 0.6845703125 0.0203125 0.041015625
0 0.76328125 0.646484375 0.029687500000000002 0.0390625
0 0.8109375000000001 0.7880859375 0.025 0.037109375
