0 0.72265625 0.2021484375 0.0140625 0.033203125
0 0.9187500000000001 0.24609375 0.018750000000000003 0.03125
0 0.77109375 0.2548828125 0.0140625 0.029296875
0 0.78671875 0.240234375 0.0171875 0.03515625
0 0.7820312500000001 0.271484375 0.010937500000000001 0.03125
0 0.8406250000000001 0.240234375 0.015625 0.03515625
0 0.86484375 0.25390625 0.0140625 0.03515625
0 0.9187500000000001 0.2734375 0.0125 0.03125
0 0.89609375 0.2724609375 0.0140625 0.033203125
0 0.8765625 0.28515625 0.018750000000000003 0.03515625
0 0.60859375 0.654296875 0.0203125 0.03515625
0 0.5945312500000001 0.6875 0.0203125 0.0390625
0 0.57578125 0.6455078125 0.0140625 0.033203125
0 0.5710937500000001 0.671875 0.0171875 0.02734375
0 0.5593750000000001 0.63671875 0.0125 0.04296875
0 0.5437500000000001 0.6357421875 0.015625 0.044921875
0 0.65 0.888671875 0.018750000000000003 0.04296875
0 0.63203125 0.888671875 0.0171875 0.04296875
0 0.62109375 0.9208984375 0.0171875 0.037109375
0 0.609375 0.90234375 0.015625 0.03125
0 0.57578125 0.9189453125 0.0171875 0.037109375
0 0.6453125000000001 0.953125 0.018750000000000003 0.0390625
