0 0.4859375 0.8212890625 0.037500000000000006 0.044921875
0 0.40937500000000004 0.904296875 0.028125 0.03125
0 0.54453125 0.2392578125 0.026562500000000003 0.025390625
0 0.64453125 0.2265625 0.0234375 0.03125
0 0.56953125 0.173828125 0.026562500000000003 0.04296875
0 0.59296875 0.1298828125 0.026562500000000003 0.029296875
0 0.6820312500000001 0.201171875 0.0421875 0.046875
0 0.6875 0.158203125 0.043750000000000004 0.05078125
0 0.6781250000000001 0.1083984375 0.03125 0.029296875
0 0.66953125 0.0888671875 0.029687500000000002 0.021484375
0 0.6703125000000001 0.0458984375 0.028125 0.041015625
