0 0.7125 0.1650390625 0.03125 0.052734375
0 0.8070312500000001 0.1357421875 0.0328125 0.048828125
0 0.815625 0.1494140625 0.021875000000000002 0.025390625
0 0.81171875 0.181640625 0.0203125 0.046875
0 0.81015625 0.2158203125 0.0171875 0.029296875
0 0.78515625 0.2353515625 0.035937500000000004 0.060546875
0 0.7585937500000001 0.2255859375 0.026562500000000003 0.044921875
0 0.796875 0.302734375 0.015625 0.05078125
0 0.76328125 0.2978515625 0.0203125 0.044921875
0 0.54453125 0.6572265625 0.0203125 0.041015625
0 0.56640625 0.755859375 0.0203125 0.04296875
0 0.8343750000000001 0.8076171875 0.025 0.048828125
0 0.84375 0.837890625 0.025 0.046875
0 0.81796875 0.8623046875 0.0234375 0.044921875
0 0.76953125 0.8525390625 0.026562500000000003 0.048828125
0 0.7453125 0.88671875 0.03125 0.04296875
