0 0.73046875 0.0634765625 0.0203125 0.044921875
0 0.75 0.0927734375 0.03125 0.048828125
0 0.71640625 0.1396484375 0.0140625 0.044921875
0 0.6804687500000001 0.154296875 0.0203125 0.046875
0 0.6429687500000001 0.1513671875 0.0171875 0.044921875
0 0.6257812500000001 0.1455078125 0.029687500000000002 0.048828125
0 0.61328125 0.197265625 0.0390625 0.05859375
0 0.6062500000000001 0.4013671875 0.040625 0.041015625
0 0.44921875 0.5361328125 0.0203125 0.044921875
0 0.83359375 0.5693359375 0.0328125 0.056640625
0 0.7742187500000001 0.58984375 0.0328125 0.05078125
0 0.7421875 0.6494140625 0.015625 0.033203125
0 0.721875 0.6396484375 0.015625 0.044921875
0 0.73046875 0.6708984375 0.0171875 0.021484375
0 0.70234375 0.64453125 0.0171875 0.0390625
0 0.70078125 0.6708984375 0.0203125 0.029296875
