0 0.6953125 0.08984375 0.021875000000000002 0.01953125
0 0.6804687500000001 0.1396484375 0.0203125 0.029296875
0 0.5710937500000001 0.203125 0.0203125 0.0390625
0 0.7359375 0.18359375 0.028125 0.0234375
0 0.7046875 0.2109375 0.028125 0.02734375
0 0.65 0.2255859375 0.05 0.056640625
0 0.6703125000000001 0.30078125 0.028125 0.0390625
0 0.65390625 0.3583984375 0.0421875 0.056640625
0 0.44453125000000004 0.7978515625 0.0203125 0.037109375
0 0.31093750000000003 0.94140625 0.043750000000000004 0.04296875
0 0.75390625 0.9775390625 0.029687500000000002 0.037109375
