0 0.728125 0.4228515625 0.018750000000000003 0.041015625
0 0.69140625 0.4287109375 0.0171875 0.037109375
0 0.7195312500000001 0.455078125 0.0140625 0.046875
0 0.7039062500000001 0.455078125 0.0140625 0.03125
0 0.6726562500000001 0.4697265625 0.0203125 0.041015625
0 0.7273437500000001 0.525390625 0.0171875 0.0390625
0 0.6984375 0.5517578125 0.018750000000000003 0.041015625
0 0.62421875 0.59375 0.0203125 0.05078125
0 0.8515625 0.7109375 0.015625 0.03515625
0 0.8382812500000001 0.75 0.0234375 0.04296875
0 0.665625 0.94921875 0.018750000000000003 0.03125
