0 0.5609375 0.19921875 0.015625 0.05078125
0 0.8914062500000001 0.5498046875 0.0171875 0.048828125
0 0.9281250000000001 0.611328125 0.015625 0.04296875
0 0.9382812500000001 0.681640625 0.0171875 0.04296875
0 0.9007812500000001 0.671875 0.0203125 0.03515625
0 0.8617187500000001 0.6259765625 0.0234375 0.041015625
0 0.8460937500000001 0.625 0.0203125 0.03515625
0 0.8328125000000001 0.6201171875 0.0125 0.021484375
0 0.81640625 0.6318359375 0.0203125 0.037109375
0 0.88671875 0.7197265625 0.0171875 0.037109375
