0 0.6101562500000001 0.3505859375 0.026562500000000003 0.037109375
0 0.6328125 0.4111328125 0.018750000000000003 0.037109375
0 0.54140625 0.41796875 0.0203125 0.0390625
0 0.565625 0.431640625 0.021875000000000002 0.03125
0 0.57265625 0.4619140625 0.0171875 0.033203125
0 0.584375 0.4609375 0.021875000000000002 0.04296875
0 0.64375 0.4609375 0.03125 0.03125
0 0.6351562500000001 0.498046875 0.0171875 0.03515625
0 0.66015625 0.509765625 0.0203125 0.04296875
0 0.728125 0.80078125 0.018750000000000003 0.03515625
0 0.7093750000000001 0.810546875 0.018750000000000003 0.03515625
