0 0.66328125 0.8984375 0.0203125 0.02734375
0 0.8109375000000001 0.984375 0.018750000000000003 0.02734375
0 0.7054687500000001 0.046875 0.026562500000000003 0.03125
0 0.534375 0.1552734375 0.025 0.029296875
0 0.51015625 0.1953125 0.0390625 0.03125
0 0.69453125 0.126953125 0.0203125 0.03125
0 0.675 0.1689453125 0.03125 0.044921875
0 0.66328125 0.203125 0.026562500000000003 0.0390625
0 0.6234375000000001 0.2001953125 0.018750000000000003 0.033203125
0 0.6265625 0.251953125 0.021875000000000002 0.03125
