0 0.50625 0.2509765625 0.0125 0.029296875
0 0.5164062500000001 0.2314453125 0.0140625 0.029296875
0 0.49375 0.3544921875 0.0125 0.025390625
0 0.5515625000000001 0.2392578125 0.0125 0.037109375
0 0.5640625 0.2626953125 0.0125 0.033203125
0 0.5789062500000001 0.2412109375 0.0140625 0.033203125
0 0.4921875 0.42578125 0.018750000000000003 0.03125
0 0.6265625 0.376953125 0.0125 0.03125
0 0.6453125000000001 0.388671875 0.0125 0.03125
0 0.6078125000000001 0.4072265625 0.0125 0.025390625
0 0.6195312500000001 0.4033203125 0.0140625 0.025390625
0 0.634375 0.419921875 0.015625 0.02734375
0 0.67734375 0.419921875 0.0140625 0.03515625
0 0.87421875 0.4599609375 0.0140625 0.037109375
0 0.8921875 0.4619140625 0.015625 0.029296875
0 0.52890625 0.69921875 0.0140625 0.03515625
0 0.753125 0.982421875 0.009375000000000001 0.03125
