0 0.34765625 0.259765625 0.0140625 0.03515625
0 0.37343750000000003 0.2666015625 0.0125 0.029296875
0 0.3828125 0.23828125 0.009375000000000001 0.02734375
0 0.38906250000000003 0.2451171875 0.009375000000000001 0.025390625
0 0.40390625 0.28125 0.010937500000000001 0.0234375
0 0.40937500000000004 0.2578125 0.015625 0.03515625
0 0.45546875000000003 0.408203125 0.0140625 0.0390625
0 0.48281250000000003 0.4091796875 0.0125 0.025390625
0 0.47578125000000004 0.4462890625 0.0140625 0.025390625
0 0.47109375000000003 0.412109375 0.010937500000000001 0.0234375
0 0.35078125000000004 0.392578125 0.0140625 0.02734375
0 0.32421875 0.44140625 0.0171875 0.03125
0 0.7390625000000001 0.4765625 0.015625 0.02734375
0 0.71875 0.4814453125 0.015625 0.029296875
0 0.31328125 0.7724609375 0.0140625 0.033203125
0 0.5953125 0.9853515625 0.018750000000000003 0.025390625
