0 0.9265625000000001 0.1728515625 0.018750000000000003 0.037109375
0 0.5140625 0.35546875 0.015625 0.0390625
0 0.55234375 0.396484375 0.0140625 0.04296875
0 0.46875 0.4228515625 0.021875000000000002 0.037109375
0 0.49062500000000003 0.419921875 0.021875000000000002 0.03515625
0 0.503125 0.4541015625 0.021875000000000002 0.041015625
0 0.5632812500000001 0.4892578125 0.0171875 0.037109375
0 0.58984375 0.5 0.0171875 0.0390625
0 0.45625000000000004 0.515625 0.018750000000000003 0.04296875
0 0.6453125000000001 0.853515625 0.018750000000000003 0.03515625
0 0.6218750000000001 0.876953125 0.018750000000000003 0.0390625
