0 0.38359375 0.3798828125 0.0203125 0.037109375
0 0.41250000000000003 0.390625 0.018750000000000003 0.04296875
0 0.4625 0.375 0.015625 0.0234375
0 0.465625 0.396484375 0.015625 0.0234375
0 0.4734375 0.427734375 0.018750000000000003 0.0390625
0 0.47109375000000003 0.4765625 0.0421875 0.0703125
0 0.50625 0.5126953125 0.015625 0.037109375
0 0.51953125 0.5283203125 0.0171875 0.041015625
0 0.5484375 0.912109375 0.025 0.02734375
0 0.5476562500000001 0.943359375 0.0234375 0.02734375
0 0.6218750000000001 0.9814453125 0.028125 0.033203125
