0 0.7367187500000001 0.431640625 0.0203125 0.0234375
0 0.7234375000000001 0.4560546875 0.018750000000000003 0.037109375
0 0.7109375 0.490234375 0.0125 0.03125
0 0.7046875 0.515625 0.018750000000000003 0.04296875
0 0.6859375000000001 0.5126953125 0.018750000000000003 0.041015625
0 0.6609375000000001 0.4765625 0.03125 0.05078125
0 0.6578125 0.5146484375 0.018750000000000003 0.037109375
0 0.63046875 0.4677734375 0.0234375 0.044921875
0 0.890625 0.607421875 0.018750000000000003 0.03125
0 0.8890625000000001 0.6435546875 0.021875000000000002 0.041015625
0 0.7703125000000001 0.9833984375 0.021875000000000002 0.029296875
