0 0.01015625 0.6162109375 0.0171875 0.037109375
0 0.032031250000000004 0.6357421875 0.0171875 0.037109375
0 0.6742187500000001 0.4609375 0.0140625 0.0234375
0 0.8070312500000001 0.701171875 0.0140625 0.03125
0 0.6765625000000001 0.4765625 0.015625 0.02734375
0 0.81953125 0.69140625 0.010937500000000001 0.0234375
0 0.83203125 0.6962890625 0.0203125 0.033203125
0 0.8453125 0.6982421875 0.015625 0.033203125
0 0.8250000000000001 0.728515625 0.021875000000000002 0.0234375
0 0.8835937500000001 0.7216796875 0.0171875 0.037109375
0 0.90546875 0.7578125 0.0140625 0.04296875
0 0.8671875 0.7744140625 0.015625 0.041015625
0 0.9046875000000001 0.8154296875 0.018750000000000003 0.041015625
0 0.7937500000000001 0.0654296875 0.018750000000000003 0.037109375
0 0.77265625 0.013671875 0.0171875 0.02734375
0 0.6859375000000001 0.0322265625 0.021875000000000002 0.033203125
0 0.6640625 0.0341796875 0.018750000000000003 0.029296875
0 0.62265625 0.013671875 0.0171875 0.0234375
