0 0.625 0.0126953125 0.018750000000000003 0.025390625
0 0.86328125 0.3642578125 0.0234375 0.048828125
0 0.9148437500000001 0.4384765625 0.0203125 0.048828125
0 0.8757812500000001 0.4228515625 0.0203125 0.041015625
0 0.91015625 0.4970703125 0.0171875 0.044921875
0 0.85859375 0.45703125 0.0140625 0.04296875
0 0.84296875 0.4482421875 0.0203125 0.044921875
0 0.8390625 0.4013671875 0.021875000000000002 0.041015625
0 0.8226562500000001 0.40234375 0.0203125 0.03515625
0 0.8070312500000001 0.400390625 0.0171875 0.0234375
0 0.79453125 0.408203125 0.0140625 0.02734375
