0 0.507812 0.084961 0.006250 0.017578
0 0.485938 0.135742 0.006250 0.017578
0 0.579688 0.523438 0.012500 0.035156
0 0.563281 0.602539 0.014063 0.033203
0 0.474219 0.582031 0.014063 0.031250
0 0.246875 0.750000 0.018750 0.042969
0 0.294531 0.740234 0.017188 0.039062
0 0.328125 0.737305 0.015625 0.041016
0 0.376563 0.587891 0.015625 0.046875
0 0.362500 0.587891 0.012500 0.042969
0 0.378906 0.491211 0.010937 0.033203
0 0.301563 0.289062 0.009375 0.023438
0 0.271094 0.272461 0.014063 0.021484
0 0.282031 0.291016 0.010937 0.027344
0 0.306250 0.375000 0.009375 0.031250
0 0.294531 0.379883 0.010937 0.033203
0 0.335156 0.384766 0.014063 0.023438
0 0.175781 0.593750 0.017188 0.031250
0 0.164844 0.592773 0.010937 0.037109
0 0.150781 0.594727 0.014063 0.037109
