0 0.154688 0.624023 0.015625 0.037109
0 0.139063 0.623047 0.012500 0.035156
0 0.127344 0.621094 0.010937 0.035156
0 0.365625 0.638672 0.012500 0.046875
0 0.450000 0.622070 0.012500 0.048828
0 0.463281 0.617188 0.010937 0.042969
0 0.381250 0.552734 0.012500 0.042969
0 0.365625 0.552734 0.012500 0.042969
0 0.321094 0.595703 0.017188 0.046875
0 0.343750 0.633789 0.015625 0.037109
0 0.325000 0.458984 0.015625 0.039062
0 0.374219 0.415039 0.014063 0.033203
0 0.300781 0.348633 0.010937 0.033203
0 0.285938 0.348633 0.012500 0.033203
0 0.316406 0.275391 0.010937 0.035156
0 0.294531 0.279297 0.010937 0.027344
0 0.503125 0.107422 0.006250 0.019531
0 0.512500 0.067383 0.006250 0.017578
0 0.553125 0.007812 0.009375 0.011719
